0.9183385044400832
-0.03647252300352844
0.0315331559460564
0.05082996700248077
0.0363972902174343
-0.047308256338745344
0.02564807788125185
-0.005585812918622615
-0.038077635977193075
0.06042466160035686
-0.13007806570999692
0.08242847563465222
0.04745753645554292
-0.06124635462788527
0.011682152104757043
-0.019428605203146918
-0.0741497910680317
-0.016530633744205436
0.009285233806393912
-0.014436147890954145
-0.07875585839225258
0.08401197408650461
-0.030693874123536167
0.03717651732321122
-0.027451642565944793
0.01632088845788906
-0.07327113577719757
-0.02789012012911495
-0.0022359680980753188
-0.04972172939964929
-0.017665149199843234
0.07132486805627805
0.08392941640158427
-0.03721720722700833
-0.038980007603645526
0.0661236404631068
0.02685843675100064
-0.018955470992294478
1.4683830939623242E-5
0.043720830377484816
0.05929317307685503
-0.0355254539093492
-0.05755910300120183
-0.05330061913595282
0.1555050570319225
0.0180823534749343
0.10542471137072382
-0.02502496521614562
0.13131533722985483
0.007038517105441445
-0.019820218816832273
0.03545809258054573
0.06854528257671876
0.012253358368479166
0.01741993252889152
-0.05848466100715838
-0.060539471023278627
-0.04838006368744271
0.031211148349545297
0.0017698139501531168
-0.05839365566856879
-0.06292415164896385
0.0813643280504628
-0.05057452616215232
0.050207297336067346
0.09301236761594912
0.11546591638542165
0.0629956933176213
0.07735187356443375
0.1742595676786595
0.09947378798746989
0.16791458045703928
0.11471530756246635
0.07849610276037977
0.08998881964581591
0.05650471858981859
0.12219613673461403
0.08167851644720259
0.07352081686854148
0.07604262812255379
0.042016896786356096
0.007776275279280346
0.039427759965310144
-0.03452763625500818
0.06522301491885987
0.013009612316809393
-0.004885158568119378
-0.0832894252602646
0.03233231088862577
-0.0066871495227887046
0.030107717580437156
-0.16852364401609235
-0.009663037546618238
0.09964652399652398
-0.06117425421962884
0.02892188233965093
0.016765396039592623
-0.040941288728094986
-0.13656466462492012
0.05673440935696476
-0.07202463069193182
0.12114052357842306
0.08518719497473382
0.08539199100408566
0.10093354912715576
0.16267492110533394
0.03447289945524378
-0.0050071229012577535
0.035938336918029994
0.04475798654508363
-0.010720287043555201
0.03708704561544041
0.10839387687836782
-0.0441670851155507
-0.06143768938524506
-0.009824226649113787
0.04342097744487622
0.12503353593825417
0.009216422289335937
-0.13208356566374005
-0.0902993105887677
0.032195143002857515
0.021641590564447706
0.033488121609751946
-0.0382381507272629
-0.1151372982735508
-0.0883134198047128
-0.05158011833856997
-0.05096844366462534
0.045451030964763876
0.06971685037359421
0.17053807239380747
0.1253573734475095
0.07905486656902594
0.035585102903854055
0.08014356690204406
0.14601402139858335
0.12817448675992493
-0.009931535970327882
0.05624275609967758
0.0254175567297558
0.017417166670205153
-0.007131838350107544
-0.04706160255606219
-0.01353802965594894
0.03031592473738848
-0.06858072505796849
0.008054727991579238
-0.16601898181734834
0.0030215749545621355
-0.0942809692823985
-0.12540294168402158
-0.09465044226351162
-0.05390584176196087
-0.06358728449440391
-0.08252995389498607
-0.03922634075171382
-0.01855349825270147
0.1406627745885413
0.007761231816855504
0.008080928923695493
0.017020276043557086
0.06414237993018991
2.889610110521643E-4
0.08794820140750562
0.13311854127057804
-0.040225975254901056
-0.13157521616221235
-0.04463792456349235
-0.013623027674919805
0.027147376928255144
-0.0058864080838804435
-0.08333500422137996
-0.017350434347751974
0.05203511317367433
-0.12007354134874199
0.02024506734826616
0.005160632705991816
0.021277056889568283
0.034004793290801846
-0.015040279687913062
-0.05254072120030452
-0.07984335429420475
-0.12670806231327014
-0.12140879051946574
-0.01595873501467828
0.0707214338047154
-0.05219815675379602
0.05770538802696475
0.06796489564597452
0.09121235380466289
0.09167335993894152
0.09559128772116236
0.020943399960553655
0.0019324915107826867
-0.11436606496713231
0.108204282626047
-0.04033788992565063
0.07824745788403281
0.2462295573000159
0.07340614980874727
0.100302477403855
0.027956673306518336
-0.03132431903852037
0.07585267229687527
0.07676618539291058
0.05938643007363081
0.03157065879545379
0.11918342315253062
-0.032599459484961436
-0.14035862918199754
-0.07331146419440666
-0.01514118498597995
-0.03907146289867212
-0.018328430331557448
0.03749574693773418
0.10590478861233395
0.07503934652599786
0.044928755967601965
0.08708727592874188
0.10052026109541858
0.059788247166980626
-0.006839322900149073
-0.19194101583265671
0.026161993339799124
-0.010577463365237086
-0.055567634060349
0.10831610627872067
-0.04201329808735568
0.1683701583526669
0.1745266881313765
0.06267336476790981
0.14420961359301532
0.042663873309016526
0.10918689714627602
0.08334392710635065
0.10578788509780743
0.1056354579228726
0.0011054069227205653
0.0381717729034319
0.04734177844673085
-0.022839841876455
0.047996185218663105
0.04289017361512077
0.12805979085657554
0.10986257936650995
0.09617795045545113
0.17659593000084456
-0.04821804279220187
0.050620818979472924
-0.09499334145433817
-0.13298927957721102
0.06058124073818441
0.03388199899839403
0.0955026788998728
0.056871190130480656
0.08932970302929838
0.12729346646738332
0.0875406320809067
0.1035254129807396
0.06536547657869697
0.08634692952314438
0.2060980203802306
0.05219841886095436
0.11628294371009981
0.08403223281133644
0.1297790446829541
-0.011070962880017847
0.02610754875889687
0.047923676765241986
0.06586321830799667
0.12052647083513301
0.08352714903862606
0.06714122896660481
0.11390279246014445
0.10477244953018576
0.05672893225249786
0.058693746385562545
-0.05419440859215007
-0.06271490072396774
-0.10909820553109204
-0.053936063432157816
0.1095010905899103
0.04598639244322985
0.13841386830608524
0.14654006484733495
0.0852041791357949
0.21076228578646997
0.15588338060437038
-0.0012405351876784414
0.14676312638492134
0.06991164510080164
0.035225089615463424
0.04446248060152992
0.09079992218387674
0.1469505059704079
0.03953455812979051
-0.0280957671516882
0.08056974801797871
0.053836815672642035
0.22873308527652467
0.11838796489743582
0.16768935751568584
0.016707019680552285
-0.01676065689575361
0.05042924175741194
-0.019652040865330865
0.012726492451274315
-0.10326843536729453
-0.05065965792742356
0.12039775554766965
0.12560222998903928
0.010823771636459614
0.07524639538834882
0.05614697749321787
0.10485765505759466
0.06249736720972035
0.09062344121216487
0.12291533226025955
0.02877345830652534
0.13042420928675874
0.09661208592191349
0.11706274721019118
-0.1279207690876944
-0.08328945078991212
-0.06413676970141512
0.012245356296454422
0.10289012518616425
0.024705394444474515
0.09500160554701308
0.02370316304520376
0.01496516423516552
0.05369359071056449
0.04094800587101882
-0.12440003458012605
-0.055468186127166884
-0.0637071407083522
0.015232550732571898
0.17678322180874353
0.061942292122683276
0.06231053783077345
0.08724971787364594
0.019661140333085424
0.059058983479133194
0.01582559825607371
0.08331708415213515
0.16217227196057513
0.10938684649163434
0.0727346699764881
0.011784903517265629
0.01803767948867167
-0.057317227837041906
-0.08113506694079146
0.13032520060251218
0.0490781335757463
0.045676123812835145
0.061155026168602356
0.043984694519690976
0.08236035390325082
0.09527978995366422
0.12993840858182576
0.046994417097022775
-0.04602075542121635
-0.04366926703032261
-0.002365668184062361
0.01886651272721957
-0.003381469835950443
-0.06479509393099615
0.08630123975193431
0.05084430847391479
0.0683600175557825
0.0822579536349729
0.09061230690481123
0.09817864282822834
0.13006643767476392
0.0802727486747884
0.11909667670160211
-0.09041436320371604
-0.15044992200589097
-0.12197473041369929
0.03294029712982772
0.07717591360414015
0.14839231877531456
0.15737839022392006
0.0664745675986853
0.024536926104190945
0.079378881772059
0.057805547749386545
0.14032357176399457
0.05021943444633859
-0.07912382314263255
-0.17891757118855003
-0.005900215637965898
0.06485495933284183
0.02891261436786121
-0.06955683914217382
0.13304160506645818
0.11781789673797043
-0.006084118369274543
0.0919405492909972
-0.04082392754418519
0.08208813304952098
0.12581795853279557
0.05878545248014155
0.013075785373084792
-0.032428004999835065
-0.0749076234723252
-0.0872811008067943
-0.001420013443753412
0.11822071939986044
0.1328885972706703
0.12983906457333075
0.02867112597360878
0.04047996275650615
0.1224985805498644
0.08365114217710876
0.09408274108685238
0.0896319596041666
-0.07483626080199236
-0.16173879584855402
0.04251920965684032
0.03316930932097612
-0.01685864370277881
0.03695564960822113
0.11555768498254887
0.22386067990529862
0.0475680711215185
0.086398247160896
-0.01205487358852923
0.06658846485562057
0.06136105587704888
0.1055661539516438
0.027255067635731753
0.013940613643821431
-0.19982494731356684
0.0435677564300789
0.07718047654497967
0.13157570987047987
0.13787744154080744
0.008993454584029746
0.11730811354434416
0.07796433198498388
0.0867785950732981
0.21740582968564817
0.10368710895811278
0.14666722997162165
-0.0849827159110043
-0.08361966118226373
-0.08213418875912216
-0.07397454647404436
0.04465002850465318
-0.09173267318232062
-0.05449062802415687
-0.03440448853595
0.013299649218666118
-0.023374198486852935
0.09856299499935901
0.09175717908801552
0.08570904685170791
0.09119761724321793
0.044624157875138286
0.073301702889346
-0.09256152359569617
0.07473714263753208
0.0430071880703768
0.05292823898192374
0.045455515801791184
0.09078421068656073
-0.00426613901504407
0.07907761233822383
0.09796683255615668
0.07841136879290743
0.09237880607796443
8.241875530201948E-4
-0.13769825460709265
-0.14819514072062714
-0.1005842656853316
0.03530126952139756
-0.05266141702294957
0.017713283208046327
-0.09157518843459934
0.13059601037378551
0.019805492750546223
0.04710380225071779
0.2165880712529472
0.08265968250032837
0.020669981682889835
0.06622295265035909
0.11351170211699166
0.06572294790248259
-0.08062758563460357
0.020454322500012376
0.09378037581086478
0.07090647490916646
0.05818002984171803
0.031612819472640885
0.06246144562280121
0.1648886952188697
-0.003059829555126994
-0.03846679545098945
-0.047867414995253696
-0.09193975018929149
-0.018699995037638143
-0.10814008587339309
-0.11506512003609885
-0.006666524612915704
-0.027130084548554995
-0.10029916506497975
-0.09347809222857142
-0.020210069667150245
-0.10251427283943229
-0.07479024507757247
-0.011730946044970178
0.1856391822583103
0.04093294151262629
0.07968323689687358
-0.0023540357178304916
0.07377261372953847
0.03962447632000902
0.11131686025232637
0.02153658843945432
0.0785535505419352
0.04162081066031309
0.05190032273291841
-0.06471847924353424
-0.10223417504741902
-0.062088555641471435
-0.04562538457129573
-3.6480947020900347E-4
-0.03242372991155154
-0.08084631080232
-0.11111368246876496
0.02341361643896306
0.04606720193961165
-0.015690506271225254
0.13520238762389764
-0.0230050399773453
-0.05383203173294163
-0.15018581423454788
-0.054017830753388875
-0.0992953554032213
-0.07312803510303585
0.03033771465880748
0.04891782338468173
0.06605371151127973
0.005486481977382121
0.027470690508853528
0.1008915576642288
0.13089919956503257
0.03041305061019803
0.07440792878150737
-0.03730340672948632
0.09209408880454911
-0.05407262377569886
-0.045926670539110384
-0.10855496291182137
-0.08880563099088755
-0.07163376515802024
0.03204037627510547
-0.05488177729767121
0.02593047067577821
0.017241401218971535
-0.030875884516776433
-0.09636095079493784
-0.044400462066408145
-0.0444468198573678
-0.07194706887138189
-0.13227849048073675
-0.051344995582660514
-0.051312652005542865
-0.040560425741427715
0.07483562660305325
0.045017676674449496
0.1396145499079486
0.04897516975166644
0.07750313079067712
0.019343704122047105
0.15524639983746194
0.0039219993423505045
-0.06778935441404639
-0.08583210825084017
-0.050096186252758836
-0.036055786615209445
-0.08655919010598986
-0.12940554040063382
-0.1208574655138369
-0.09602974374564059
0.10375817845790744
-0.08130083996929564
-0.004951326469567857
-0.028767284769399264
-0.09250161476688433
-0.1128346296515967
-0.1378040471856568
-0.15529421549262126
-0.03402070417347298
-0.14037440721001013
-0.11478512978889459
-0.17501504490177508
0.07155555924673457
0.12923208725490146
0.15165414442297276
0.08922618780460152
0.02735131477654833
0.0663504611264012
0.09689272695855995
-0.06751288396820322
-0.14429827430198144
-0.06810988806541014
0.09254855243778402
0.014501352800962333
0.02942107310712106
-0.0801068908945154
0.003380250187789527
-0.2405445723078971
-0.0577801612908247
-0.024902227468942446
-0.025906481794168004
-0.0010395768159789797
-0.06339683184322745
-0.072970840660358
-0.08178940430678094
-0.14974666939902548
-0.041753530298127596
-0.12039412984725577
-0.04961022212286534
-0.07033154228621816
-0.036510925207467515
0.06988111965782841
-0.0739307341748941
0.024424446347651466
0.09247203186792613
0.05588543764126803
0.0015095209755852969
-0.06614808782429954
-0.02552070218756479
0.01645098570005567
-0.07351987829757485
-0.016685427657121308
-0.053986119875201355
-0.12900682380851972
-0.06485102439420252
-0.02559659959219488
0.019042980009075814
0.09405657012442427
0.0112416933463977
-0.1174483503800273
0.0400257228732404
-0.12550184081129495
-0.058819664940092
-0.14126376964137283
-0.06773980735028594
-0.1376442433760144
-0.10802905316783921
-0.042771913712534367
0.011332115479213372
0.0988344619264914
0.08089468786079491
0.04329192986651366
0.04528967377548644
-0.06791727878039089
-0.023748884948782866
0.03673788297699357
-6.662559427335615E-4
-0.0624919232729929
-0.12783270236459973
-0.05598954068268262
-0.11109668461078519
0.019717944731771138
0.146431098636498
0.08011606307076886
-0.12256786967706272
-0.021747031833669432
-0.034412297493862834
-0.0030848355183518425
-0.030485492932796853
-0.06325734141698143
-0.07749409442950746
-0.03709889646669934
-0.056130684481774495
-0.0646438747520742
-0.0785799308903966
0.07221023417632559
0.0032812340927985137
-0.008291194134241816
0.011952271893552852
0.031320066318634626
0.03827027824071804
0.02286793006022659
0.12386326544420426
0.12870995968580412
0.052930835151487526
0.1098040426419085
0.04772850582999152
-0.05945291765078107
-0.07316246556994331
-0.05949009846002993
-0.018336269117821064
0.019950428724199838
-0.011589296762819199
0.04768845469060025
-0.022055647633188197
-0.022972259099200674
-0.052956788228073814
0.029872763100901187
0.14206820489835986
0.18157354259733252
-0.0027354575090600746
0.04217058394353943
0.1349489040798692
0.10567573942852783
0.15476395701371362
0.06553178145182102
-0.01189794539520834
0.13728332576598168
0.09473307946909555
0.08671345074752698
0.10002462652549787
-0.02401787989155304
-0.041395137626649696
-0.00864679679743235
-0.11060944314507486
-0.19512961429203723
0.015399723062686539
0.025759022633430967
-0.024150897790493897
0.02018190020795336
-0.025121878633969544
-0.012126509714019074
0.04289888554374592
0.03700561094621406
0.06755703458635279
0.029750943042202126
0.03651711428306176
-0.06638203349585463
-0.004342833894538227
0.08135614458372276
0.17983826346650303
0.0703072505052655
0.10736673704628949
0.18724004462881083
0.11297578752571731
0.04454000839456204
0.09926858071208954
0.03531273282690881
0.1384731346868398
0.03925365227268984
-0.05741466750441438
-0.061543138125429525
-0.04270918735568384
0.05579622056006196
-0.04535279461051077
5.226789040768571E-6
0.07706640278877135
0.024102155355847452
-0.03809029781882937
-0.039997226325618966
0.06529785839797098
0.0933157379562712
0.035683639881332864
0.010150201467498957
0.01580826567626564
0.021464980233861113
0.04673870851784243
0.005150034741413914
0.1594160447874235
0.018362210641060993
0.0797855716164358
0.05151346166520924
0.16779279449993206
0.13837763403560266
0.049560719241614225
0.0863002790296284
0.10526158475906246
0.0923606070107043
-0.059753131720920026
-0.060796887827347136
-0.015426411794855118
-0.03496675648826367
-0.17352441007377925
-0.03836220347524892
0.01569676430381547
-0.03451372549616764
0.013896393807397727
-0.025745457880474273