0.20416527705091916
0.041206034323892124
0.04941883144742729
0.0992655716443912
-0.008398160249551366
-0.01564514259408808
0.03255923681563134
-8.874940926141382E-4
0.01498293525164766
-0.08082727827943594
-3.41862743859402E-4
0.04957749836797735
9.939810956336647E-4
-0.0017743674858664163
0.04704445453452052
-0.01594549664556459
0.00837678943837227
0.004982448217752361
0.028494643523229102
-0.05538898043631157
0.05851974985894257
-0.0032422364918590543
0.015881270858768615
0.0915745742555541
0.06164578818209572
-0.011829751225169128
-5.657928665537859E-4
-0.02646220685981202
0.033804546542694644
-0.07409821677638455
0.043117466728768185
-0.03910468848022356
-0.014938871034737539
-0.1158771940507817
0.08201032404002874
-0.024806597416463988
-0.07797788642309295
0.06507049332564617
0.012211290920208867
0.1378212722187553
0.004955782108149545
0.02466484347860455
-0.12068021192254508
-0.03356135389219637
0.13287612726557468
0.04539667396774388
0.0031625507188065365
-0.02648124081536918
0.014928480678720477
-0.02654668139935837
0.018424848583509106
-0.007274580207527262
-0.10302784280912536
0.020458159066760215
-0.08176370217232279
-0.04090059931271866
0.008652769950639377
0.004921855684112781
-0.09400428616837667
0.04296407374771862
-0.0018541132805583937
0.06931082337933783
-0.016164713321718874
0.04125669747930855
0.11496630302711403
0.06831340146579665
0.06859700387358506
0.08925468272595136
0.09437679942667662
0.14447695046146786
0.09398088586083649
0.09834947316781781
0.1465493085354637
0.1570751841186789
0.11526943615738698
0.1678023600307097
0.11821509528725598
0.05176290533415306
0.13924423304600583
0.132737699801978
0.10050771061563091
0.007813735535431411
-0.041103311099515406
0.05198907151200872
-0.05786483292766053
0.06291101460899495
-0.018115404917431036
0.0543862405688206
0.1556875974449189
0.015483693064892607
-0.027152732988465777
0.14075840936517145
0.18770450632126728
0.04102469977332358
0.08346549502409979
0.07898945148740864
0.07901870062528248
0.15467774519490032
0.11404174267508164
0.17021095527891206
0.08529152787139174
0.11857922695105266
0.032496785960195104
0.13148654177421823
0.2338371857572036
0.16129976617383318
0.10711155597877896
0.12577922413495987
0.1411024664297419
0.055100161535328776
-0.08407682395715901
-0.0606231392990165
0.025945012178695756
0.0022966142292185905
-0.016798410647449635
0.020382212363644802
0.0752762507915813
0.022833348756804834
0.012769555981024734
0.10638169988254856
0.11238454523159043
0.0244925585236925
0.02720454001803336
0.08093348643440149
0.06160596913812041
-0.019057051466089336
0.09939017137963155
0.046829490842480365
0.016304820076814386
-0.0653765113655967
0.11037877578862391
0.08603976195453102
0.09637163157340627
0.11979910739087105
0.08141018280143411
0.21757505998482615
0.15351756860768265
0.11946785600894042
0.05515376587635511
0.01377236733995506
0.1075476876413722
-0.06510443481598244
-0.08098327453065819
0.08970462357336266
0.023965347807552297
-0.04297554662490986
-0.00841096437944553
0.07295277993330691
0.012820020688131945
0.036512218389121005
-0.021301750360581167
-0.002046177599972469
-1.4958041008440704E-4
-0.018572478410818816
-0.11462801035625035
0.03015555840972901
-0.06409563786003163
0.09506320571203736
0.1337658174330296
0.10784266826275841
0.055977727943863166
0.09317221969067316
0.02354013856611656
0.17728131933129007
0.07319624650857051
0.15466154575119748
0.013490159263281334
0.014623014989179884
0.024745235240539436
-0.03222355335109052
-0.036828020966135216
0.03957314827748969
-0.042671318243560415
-0.04939779278049992
0.17043064986750778
0.08184134387742861
0.031452879087460854
-0.06599564285599474
0.047839471528099115
-0.05354316327571507
0.06164430910996737
-0.015803324592967998
-0.06397808729048156
0.09058968698696022
-0.038560190083995645
-0.03712147404845108
-0.07358376451845136
-0.09314169626062657
0.059627524355294864
0.13849628593167626
0.06467285765199741
0.08045912644962418
0.10063296673185307
0.08407770774686678
0.061663213823702163
0.09821748608757404
-0.020379124253385134
0.003192687688840024
-0.013320734263393908
-0.12766237626849405
0.0032395953226394443
0.03758650347412745
0.05505793870682428
0.034844427542741245
-0.12343677221949086
0.09515839858869347
0.019720472972266298
-0.10042310629859807
-0.05492219329558374
-0.030585436311047844
0.06015685280521048
-0.03313571072238272
-0.012111857523726902
-0.1093565691267478
-0.14829060851311046
-0.010218650056008052
-0.011899881353922049
0.03280425032661354
-3.948185301191412E-4
0.10002985242499143
0.179471748154192
0.12048415216526157
0.09799518848257005
0.08771624104901614
0.0638456878040163
0.009998104677228002
-0.033681225233947246
-0.15403964238950263
-0.13645633228582238
-0.08591517176661309
-0.0063244704701045035
0.018569171936765164
0.047097983969825286
0.04383698195197332
0.10055824062600945
0.019471517270073842
-0.05451676435297633
-0.040843612874891855
-0.004572645853828941
-0.08078064534473703
-0.033055952212018964
-0.10395879457788029
-0.10537722334870511
-0.07123565709361783
-0.0997390046342829
-0.15224789997342736
-0.016816732563391647
0.0791121400410467
0.14190879420446542
0.13298029090890645
0.15360239611658297
0.1763790929899636
-0.006284951816739346
0.052129180158666064
0.04366556193193284
-0.03457771746080861
-0.08568055531133906
-0.10251094364546096
0.06407326198449204
0.11222421589432964
0.15917160313523238
-0.019792658232364205
0.015174968100487218
0.0012058308617523014
-0.045547374284314074
-0.009928160463420647
0.0937130077519146
-0.02458942719066116
-0.0906431241245839
-0.0898721135591013
-0.02783130210611204
0.015678459808250833
0.016621184574152216
-0.08755979960604547
-0.062391042859530975
0.029303825442370045
0.12752482922654118
0.08184122665734067
0.18143247287487113
0.15300861465696053
0.18171976754638636
-0.05673064295622058
-0.09980036003675524
-0.17960241770872437
-0.09947222400531279
-0.024185599882482256
0.07185219736641399
0.02214110604111314
0.01590588025870845
-0.09596942025395548
0.031529927126152046
0.01175792550167933
0.05127384306528288
0.005303926143737125
0.1383936957495875
0.08982466207521156
0.0547839224702914
-0.10707178768977307
-0.06434349517011219
-0.025429396541564724
-0.03247711168601768
-0.11891873693652541
-0.023473971280351464
-0.0012483577607402788
-0.07319728366490649
0.06456418254439392
0.11672983344318887
-0.009405521997976384
0.07903097401976006
-0.03803164615910274
-0.10240906460276639
-0.04999465966842984
-0.08990252442096554
-0.03486617049697967
0.04052330081285669
0.11527119758815257
0.002784056642361715
0.06323289501562403
0.08152071800783532
0.08931455336974112
0.08663497405311421
0.019118609452554284
0.13982242449326857
0.14991894061877417
-0.028871778352737132
-0.05669425429101385
-0.03202384225157549
-0.11450137049729486
-0.043337028857156235
0.010200762345154699
-0.08040455628464213
-0.01760242748411319
-0.07115974129729562
-0.003979434699090532
0.0923272444350724
0.06850964968480007
0.04872535766207917
0.0020729230505645733
-0.11642392086251127
-0.09013331304813692
-0.07624179855890957
0.008089856770664625
-0.0050643655306611786
0.017508860904919724
0.004231872042798169
0.090202072513861
0.07347792670538247
0.12443298113365059
0.15668441881530273
0.12571277547169943
0.18539080457346432
0.13994130550090034
0.04212665763445772
-0.09686511730318922
-0.11187602176043462
-0.04012809262732795
-0.09285598554821896
-0.07630173705228446
-0.13469644974450745
-0.04997596282995581
-0.031206309055831896
-0.07926448694671435
0.09684065421229338
-0.047886665547915076
-0.0565470478068517
-0.00779288268345527
-0.01662231322112196
0.03097875703843369
-0.053996441848039325
-0.04241310322513872
-0.14395986868675126
0.020490549523976834
-0.003783224429140852
-0.017461978840933645
0.060146740703288494
0.024559346613094304
0.13753720030606112
0.08719501109486257
0.11685484675303756
0.09618239822798494
0.13293437913894057
0.0726857065186852
-0.04872266741692419
-0.18537732564712528
-0.06409884402458299
-0.03465902762766848
-0.02293847717735997
-0.10126382617623268
-0.0295980188201951
-0.026691590497998307
-0.0054384677751019555
0.09238279679413523
-0.017043792072876318
0.07018304214688133
0.08323017446117402
-0.03388169332361748
0.016482574494833976
-0.05505010809047196
-0.08888690370432611
-0.1322680418899868
-0.058541226250777616
-0.011835425469474874
0.063310903459399
0.04273499484768737
0.14493613289555535
0.07969523139294629
0.06766842896181047
0.14137179410863687
0.06404239926703438
0.1262353261956485
-0.04676615915790657
-0.07653808678370896
-0.11222611891754375
-0.11132084396086679
-0.04606753194980232
-0.0031447008570757926
0.004669814493350277
-0.13787754359873736
-0.03537793983457843
0.06456972328262439
0.06790439603511117
0.02444084530681606
-0.10026449847277698
0.048860036872837215
0.03691744511992216
-0.07826355481271434
-0.02200005763138869
-0.14236184216232398
-0.05215299466508992
-0.08081870773667965
0.11953859042950404
0.017449348462164407
0.037541466259944666
0.04182799067585901
0.11494735042725267
0.09609664777223956
0.042297111690340436
-0.027856545983509312
-0.030780672004353474
0.03494848446197154
-0.05555545717463852
0.026238657520447586
-0.06895379519072338
-0.047669967310740816
-0.00918356881694519
-0.1174967494071449
-0.006234680549228169
-0.016485374565138763
0.04798141603759058
0.0690878752463178
0.022285231527330182
-0.04961454551417229
-0.10516043897384839
-0.007485971210159005
-0.09475431046733115
-0.011774407893478223
-0.04714520476585652
-0.04081703304565367
-0.09288507360060742
0.06793504718531537
0.11365686885304775
0.07391645555225748
0.12827993571677282
0.05360305341598183
2.924175435565498E-4
-0.12616095755018727
-0.11181145076037262
-0.022762800068773056
0.024186229385810325
-0.02971211560305755
-0.039002223124630836
-0.01862637980758533
0.03453263526908263
-0.09249633493871774
-0.018220329349480948
0.07315020746351113
-0.03700284311583077
-0.01809985738837462
-0.04831561456587331
-0.006670322767975104
-0.07945380087271647
-0.06172099740859652
-0.11610527643719694
-0.055090109702253386
-0.05536484614132564
-0.06013818775305207
-0.05116736719985511
0.07855454973724332
0.1454282298748752
0.0836525027373606
0.14630412732151993
0.0013062968493658337
-0.05505883353776251
-0.04173900848987629
-0.022891915726301948
-0.03426701090059887
-0.049953821284761085
-0.026560749069337697
0.051207835790080126
0.08386420314752431
0.013889431500753295
-0.08008367802418905
-0.03561657191956934
-0.040727751121943725
-0.039439254971871424
0.00458444753531403
-0.030288927689772323
-0.06895584936291296
0.026309739031331048
-0.07998146494258167
-0.11327391650356451
-0.05684622598955242
-0.056272516309028256
-0.06496027876358619
0.09847412593481315
0.08419473241408058
0.018504680216274237
0.03989730778389074
0.1499532573603963
-0.03683869114701837
-0.11271395179004137
-0.059953367603483555
0.05972312410093176
0.10630862510474474
0.01365899509388006
-0.01901746227764245
0.06755621528025697
-0.011297809171359384
-0.03452119110695292
0.004874925924246409
-0.06642138133089845
-0.03377437638519696
0.007457855550657899
0.02249614381278308
0.060216592235994314
0.12927525879033555
0.19549951867481016
-0.04941631007587942
-0.011946954980729712
-0.019247417023768722
-0.08259737593995355
0.021057142336312517
0.026367764413205038
0.15163558758476334
0.1095616441072139
0.1219963311042132
0.01719994107292704
0.004142975986617041
0.137406267793182
0.11534995808181531
0.04293749048821756
0.09669346325005365
0.04065244781017646
0.07380586635147603
0.07972956436144477
0.03630380489023003
-0.02843504492129978
0.03504746286222765
-0.05230852614990852
-0.041256444568672786
-0.052648441775721776
-0.023575718877038666
0.039750017505091266
-0.05814216599329408
0.11223124158788382
-0.11752771581649739
-0.05409501672464655
-0.034530136234195166
0.027210606146241517
0.07885165331263544
-0.023985051742150452
0.006025343083620863
0.07307460257201116
0.03835800403134782
0.11144615033796444
0.013145831973480038
0.02603808304247587
0.07224248947242856
0.16916058822808683
0.06539749272664426
-0.001078132913963442
0.05828388397923988
0.038275439388732055
-0.009874206268526805
-0.06054084314301121
0.11249403244320103
-0.04365223552370444
0.04877881426691878
0.09457991583973929
0.056539323558874685
-0.01803212988686514
-0.13404858869553896
-0.08216907380077759
-0.08051086526729088
-0.10159350954603073
0.09001091241936539
-0.0469593979053221
0.07132111272278752
0.07139917612496166
0.06720523510818463
0.039966696486835145
0.1023684807229051
0.06564892406658909
0.08423549158648896
0.07352077018840567
-0.03303786995373831
0.01598070050926249
0.1391736286223129
0.0667786544543581
-0.037732349487966284
0.022457440786635238
0.02612598493017252
-0.14024710936137616
0.04521250443322537
-0.13802199207539653
0.008780172287837932
0.03995616772102635
-0.0756230746895028
0.011401025193595388
-0.008019286055226496
-0.08430658036603145
-0.15444426859534047
-0.07013552662267791
-0.05760696184246819
0.046919289834167856
-0.03704959087507022
0.16680745202887653
-0.024336233930539727
-0.00405615511809568
0.07710908498950832
0.0888155536740943
0.08103412908363762
0.12932090926058962
0.0745103633881454
0.08186046203537461
0.060778681067347
0.09180157832014783
0.033162161686077295
0.03875771389835829
0.04661229193044195
-0.12002307671207843
-0.15754735388642932
-0.02158394859726602
0.005435080778578443
0.037059902852700284
0.030164462814799446
0.0636330287405622
-0.07617819233636502
-0.15418418699642186
-0.027288382279461756
-0.10757508855624105
-0.11940938981100732
-0.16824251472786333
0.008890683052366684
-0.10459135666165656
-0.14208850126283842
-0.03828887403225761
-0.051115832810551175
-0.006590986419702659
0.017011828528841897
0.058236756903921855
0.05806744401636297
-0.03476608813434672
-0.13548881504198987
-0.031130106814286518
0.010634914254711855
-0.0025629378823183962
-0.10075332966765412
-0.21845076904010957
-0.08986267258107279
-0.17913967116859733
-0.07305380555725453
9.806087695830538E-4
-0.034182435783517644
-0.001648560957279811
0.003015757908456512
0.05697282714929326
0.09611294083351371
-0.040774163866381864
-0.03791004316584463
0.03725317764546988
0.009214140441381623
-0.09730123205565215
0.09980416928769094
0.15132276151378243
0.058531261178606665
0.040805602360494755
0.016721708907090443
0.055092456834548664
0.015448708270254442
-0.06381695397758097
-0.08961453987790076
0.009158624807822842
0.0825629551097261
0.027157808936753926
-0.23401763573204362
-0.11026255769991078
-0.05190945235527389
-0.040157163245454174
0.08018777543466998
0.08600981182556196
0.019949340095080603
-0.04334696850813468
-0.017790398677547208
-0.020823902787379552
0.06241300135772951
-0.1542916023510576
-0.14238529179738366
0.05150567404667808
-0.02792087790808047
6.939220551017383E-4
-0.04706134334013427
-0.10033774101700234
-0.07806284756174706
0.009538310213363016
-0.05894154987635843
-0.10944137984004486
-0.21398689985773986
-0.12620912447966423
-0.024279922666292048
0.0337534312479334
0.0034113859089925083
-0.22075878445672487
-0.05613653028305421
-0.03399981509835877
0.01625923566035425
-0.019262039181672186
0.05094049513853505
-0.06229013039581149
0.05768218887828921
0.0513536153966438
-0.012449400515027142
0.03452428421058646
-0.04622374121222411
-0.07836608747398359
-0.09060595713041203
-0.14132494162889148
-0.06815612937067322
-0.0865217214977897
-0.0736594578521886
0.007622849283108701
-0.06316290332623022
-0.12807293557942734
-0.09167533573990767
-0.14484393962900868
-0.2350869522722792
-0.17812714672821445
-0.002867371609397499
-0.11638363699468655
-0.21878386454126228
-0.11995312927818404
-0.0440060831516014
-0.050250435608574597
-0.05700934729954765
-0.07930501675037367
-0.04545217342100874
-0.07689554486115302
0.003662230025131817
-0.07249974047709441
-0.02342775009061883
-0.04543632899470666
-0.042669737833870534
0.021102502930992514
-0.04017880115882333
0.03183490004557516
-0.11235076513823064
-0.028338629296572437
-0.1559509477637867
-0.0028521809144076457
0.03097192662269885
-0.07929881026580617
-0.06834880021571849
0.0512764348112279
-0.08081290677785537
-0.06064359614248188
-0.006655918404333585
0.025795299428183708
-0.018452786139170733
0.02304988135860932
-0.11259442453757951
-0.001472426873378099
0.04155151029525249
-0.04554667920770777
0.03574787216276166
0.0038560083732829035