1.0612157692459203
-0.011480678340322707
-0.07203910403067595
0.04634601248864709
-0.0673480043894346
0.0031316822677431525
-0.026783909343521137
-0.005441091758097629
-0.0158315161473306
-0.07836080171223392
9.441931619459089E-4
4.431291169069162E-4
-0.020993840401157447
-0.04108613817716505
0.005029727968968686
-0.11924910219551361
0.04756758751943664
0.025471990233207776
0.04445484962579673
-0.013297598002577895
0.05890909156993252
-0.004867028477334924
0.031696855060364806
0.0823261591721546
0.03592385695955164
0.03919565544396853
-0.03881897828553162
0.027608368531991383
-0.010061450877230418
-0.045167906436038345
0.0030502672427097327
-0.05687638442276715
-0.018509085931346696
0.00797243119977173
0.07002457565299047
0.12185188231311844
-0.008894113574072136
0.0027012982226835643
-0.15826613559089664
-0.10986163256815787
0.08367883233516792
-0.10579050813700057
0.0358263587048019
-0.13573148285096545
-0.08660652966413178
-0.048174873576733404
0.07054822498032098
0.06164869977185313
1.4291923195991499E-4
0.07462863758692549
-0.032769646520517184
-0.028061506141589237
-0.047402120594870575
-0.08515941610203692
-0.04188468941841396
0.020000854656652762
0.008564442902843595
-0.005443077863462561
-0.04381654044386563
-0.0028915924520844516
-0.02842127128202893
-0.01013730905822186
0.06840660877845364
-0.05116353479240254
-0.05699995089500407
-0.13660009051554609
-0.13004252508167138
-0.0862965839412332
-0.05572857873096129
-0.20326624466595558
-0.20188300122850683
-0.12054886827543
-0.09371862789575199
-0.1545462538601223
-0.12873561435697203
-0.133450611979478
-0.1484395570451809
-0.09659518101478853
-0.07084499940643314
0.008379127083639725
-0.019885406294549518
0.019557368212121094
-0.1259469192335612
-0.001556361583970191
0.017582419466238144
0.01787799769180292
0.023378580475918734
0.01111926318951774
0.05046579448833549
0.08119761494681069
-0.03729420355111793
-0.11446250444231022
-0.0694921627208395
-0.15424237327869444
-0.14722113137699971
-0.0764518811147112
-0.12239885394457659
-0.20907382114773226
-0.11453309534717389
-0.13084049204238105
-0.1399532515956147
-0.07633946144770248
-0.01556824603583426
-0.09127496524803891
-0.06544733447745872
-0.07729710438387284
-0.06394147993690999
-0.08153415640534667
-0.07962764287774436
-0.17865221132890838
0.01458216199634703
0.029832661582201547
-0.009984443859959832
0.028970728189679124
-0.026350897732895416
-0.09380336829421343
0.013727736864919723
0.11565962496967311
0.12339036829903825
-0.13250977367774905
-0.07437514189991554
-0.06450766818712038
0.026628842283454492
-0.015879000553102866
0.08827807706860029
0.027491207704114614
0.03317202068391575
0.07593388236226954
-0.03636517910555608
5.247578408786494E-4
-0.06376579649697368
-0.0050349256056939065
-0.0665146880283498
-0.045683578132159564
0.1028196705887674
0.05756499351930279
0.03504230738374343
0.10165235726605232
-0.21381844270655584
-0.03230869239979445
-0.049616373516513955
-0.012327830054115595
0.006817194759027738
-0.06923423547153874
-0.06674619598000592
0.15431167395316173
0.1808534795991457
0.030297941099759945
0.03683501100869632
0.13588982749079892
0.1285988523979074
0.08268463948232538
0.12929627842077257
0.04630578928567777
0.09025413778566439
0.08370074889523903
0.006768024115764425
-0.12750443995089786
-0.08599056195908628
-0.011154850047306297
0.048584237935481556
0.058939107781318
0.17036891800358459
0.05238187634944233
0.1408026644726097
0.2084320081592835
0.08811428637500897
0.01604422244201921
0.013496630920393585
-0.05096775889140063
0.0015244856310789637
-0.07683389120905736
0.14641741755689452
0.06786744299098227
0.12822784245718669
0.034432764596585924
0.05049411806094264
0.18274943378887928
0.060257506145035875
0.014420078683618907
0.005242484265306952
0.09226605431437138
-0.028846996017599297
-0.05670745103911898
-0.047149974403971985
-0.05412248781585299
-0.012668860700931761
4.1509189146991213E-4
-0.01908757200646403
0.0349772702799436
0.007095179438962778
0.09903603490817366
0.21247069790229903
-0.04597543136971653
0.06659134642417418
-0.10624242108118105
0.15375217666214838
0.008918349245275242
-0.0374146563575237
-0.09363363618848738
0.10836442000254326
0.08235715116587469
0.10450827040877436
0.07335193533625645
0.11837981875787844
0.041960851514881374
0.1419133833384001
0.06304718685183545
-0.06435048409581712
-0.05075547698638323
-0.04224333078516935
-0.04051355396221569
0.007487869773738985
0.009342534881424459
-0.030923270709300697
0.02916635981051087
0.0685750607428876
0.048754435044725035
0.06289850522751318
0.036450291196401224
0.03752126138122973
-0.021949070683997086
0.10091905841429838
-0.04366730037055578
0.031343014110136756
0.020863301277823553
-0.049614047174373094
-0.23229494838092743
0.07283108002889967
0.06496807372633447
-0.03130066205996129
0.021197208958636932
-0.009901140214373584
-0.006102094652833415
0.08331250371605105
-0.05715733771095947
-0.13821460841764718
-0.16103785961510977
-0.09101720365382168
-0.015283378834867986
0.0034917538500058615
0.01976308713227175
0.08904510999109311
0.057355218662379706
0.0782241686781821
0.050603533713897496
0.07488331018421539
0.023840139168859638
-0.06071777756733342
-0.034210998745753764
0.11194655501947652
0.0927976241487562
-0.007527763490119363
-0.053995756191556665
-0.010879199079636793
0.06500105693945232
0.0010406944242741835
-0.022239808831673653
0.027454715226574597
0.01220442834154075
-0.07757397686856839
-0.028746754147232
0.009455871830850737
0.013614810904140165
-0.09382364380814939
-0.12409621114673808
-0.01888733333109645
-0.023672454998899705
0.10000773395429208
0.04041140879771514
0.1440378884297466
-0.0011391843612486132
0.06522014548406235
0.03706209588935559
0.11400582143422557
0.009562380602996546
-0.1320464284080183
0.042848051945708024
0.13338607598027327
-0.12173614627721603
0.06916219802129557
0.009939663687704521
-0.03168768353429318
-0.048675809533988694
-0.001338246418268004
0.03609982236025953
0.005041795087589974
-0.1765275730689825
-0.13375841604675132
-0.04146886473651268
-0.04654879457671109
0.05755560131831939
-0.08174269644853055
-0.0357407452230147
-0.12743085543372637
0.04208809485157243
0.22048668383589826
0.2047126446027658
0.06759603190034805
0.03557414325547391
0.042439252660809945
0.12470228864379769
-0.005150126975624813
-0.03670795502942143
-0.16604037843618405
-0.021159238727840673
0.21836523869162083
0.06019436088875807
0.08739965703828109
-0.09737324678099565
-0.056675151919458905
-0.02239006007295916
-0.020931423345503217
-0.004745858115268661
0.1115682290311481
-0.057005543741841185
-0.10720878322226791
-0.052055404909311896
-0.06924147721433051
-0.04706250752198298
-0.15354798138274464
0.0412659082515816
0.01042272954333111
0.0812303513143143
0.049118343123549006
0.07714028871253097
0.13036971199044606
-9.143049407457112E-4
0.04108449135133026
-0.08883840511641472
-0.05157599398652898
-0.09153860453499313
-0.12001551646667699
-0.11397104413475438
-0.006491617756585657
0.11059373371575942
0.03825158857833955
0.10910985386456483
2.9869645167293797E-5
0.05269965629367814
-0.10659154450389946
0.1012216210472136
0.03602641198861193
0.05561410134235894
-0.009472418702239823
0.09847107604211283
-0.09857765730012549
-0.006753352147223663
-0.08232759947771157
-0.026732765777545516
0.12696891416590314
0.10663209656806155
0.11573357560240388
0.13935877758812143
0.012421285329864236
0.13287848721931483
0.05695204967301385
0.025027546582391084
-0.09699267103212472
-0.07672441419865401
-0.06275289480850024
0.07071954232809283
0.014859132317720805
0.024076332422191836
-0.0023997822098047105
0.05799668485306225
0.018817420063823483
0.09022793148776785
-0.09563097787159457
0.14107173260890907
0.03699715164910274
0.06273090454215671
0.09709138811363928
-0.021152543875232424
-0.01593190288863708
-0.014906092916533782
0.11341692998106949
0.08525063086423354
0.11194803260742453
0.07451964989240968
0.013045065722305895
0.11410681447516148
0.027052439852362255
0.16100152372828766
0.11019441284444788
-0.06692987894292225
-0.04357421904186807
0.027293426916398935
-0.015474484258640715
-0.09698131537513766
0.014885106062536513
0.13964428414579744
-0.045749405104238444
-0.0705333012948233
-0.01750497712449233
-0.014035991946884463
-0.0190269917833125
0.1299350175671337
-0.004122585616029114
0.020382167972292916
0.1169238975019926
0.05516689371472449
0.16875603013841387
0.07703001419768707
0.1122367755389212
0.11336081881834234
0.014867673987893619
0.13669617220537186
0.050950675835520196
0.16838824123669585
0.014202523451212453
0.14828276737551419
0.08904796009233108
-0.0032783931969083647
-0.10374398382372718
-0.07610536938856163
0.029618631455811856
-0.11186718619457767
0.09029104852722637
0.19193003959107333
0.02077463590722681
0.02811106513214112
-0.05664606779735591
0.10328243329542125
0.02125961138376253
0.14773152670027953
1.271236677239659E-4
0.011634151028659275
0.06444678303322199
0.07951714256549566
0.03890416896633054
-0.023219441791774216
0.0031401478787413794
0.17310236952624414
0.10398235718520565
0.09140424077676007
0.07777866961278244
0.0931248599482563
0.045243481376960805
0.05789587057459177
0.12545888096791263
0.0795490286716174
-0.008991014654902896
-0.04047493441620725
-0.033513451642652826
-0.06432735573454323
0.039595968831730416
0.14071226951837462
0.14428928005824226
-0.01344566935640382
-0.031151783337613873
0.07243003942147651
0.13959868944702808
0.16336032351370086
0.11140295311161576
0.006021293205879532
-0.0022272219093979993
-0.07924404035838317
0.0041211486428517005
0.09380285189042596
-0.040949821376540324
0.03095732133716749
0.008890202413249672
0.10716741315675297
0.13031983455288185
0.0970508881186502
0.0781431843588467
0.12726813343268184
0.02441390107486837
-0.024924128593771577
-0.16364488787664488
0.025230780988062317
-0.04783940879147946
9.132950109282929E-4
0.12427509959206452
-0.017440319369183506
0.1194526572659558
0.054144766542979554
-0.007304820990305289
0.18109951971531393
0.12370944408953297
0.04607555997811374
0.0425332006610441
0.07221731870240987
0.05490811439367743
-0.03209199133071292
-0.08078671225180467
-0.12475485300132512
-0.08484604476024821
0.00498317677732453
-0.03805559484082779
0.09100068017455891
0.15214570805961555
0.06867620728108594
0.07464521817686227
0.07821581288229884
0.03229287379806016
0.045616816653743404
-0.06704889987525837
-0.08878128302364793
0.027430726109253647
0.025876655249221545
0.09369025789572706
0.08199575766261015
0.12615770377390031
-0.03388939882480706
-0.02646835875371512
0.10904797582568063
0.2090480962351444
-0.0016714940812290848
-0.026357151437276773
0.0825688004287035
-0.10629349596689484
-0.08172228246736062
-0.13829070932364568
-0.18704121234987106
-0.11854764537085433
0.01845451874960452
-0.06393558308121504
0.03434459085474513
0.00988096933574661
0.012252150528550323
0.061611634646187075
0.007397913934890853
-0.009323466310129737
0.11652796998260458
-0.05664889707470411
0.06862703377106429
-0.03155744880047816
0.014001202742653093
-0.12254747857162192
0.08836279620156448
0.08559901091397053
0.04748304025924582
0.06415588944199913
-0.05531342101514767
0.1316932407876989
0.09366392245865023
-0.046398183798839546
-0.042659381084914294
-0.07789966608427017
-0.03779947310404859
-0.10628243221289695
-0.11573993655956917
-0.09108849828113504
-0.15240201434422404
-0.11906049519797927
0.04604112621417412
-0.056981793276715806
-0.06405163341460611
0.003134175800474989
0.01692228667984469
-0.09722923113057265
0.044129380996492586
-0.02826577180933938
0.006088334043575129
-0.14149036045398347
0.06700521262507605
-0.14661753973677435
-0.06461717789610542
0.07549770622085132
0.017811960103690638
-0.04893449723255531
0.1456509342574022
0.14390555335362454
0.1454583824170816
0.08501032752451271
0.1865288325259362
-0.042123546814016186
0.002503609839053624
-0.09086282920417084
-0.07495870173040538
-0.034403911552629785
-0.050790814223524626
-0.17388604544634845
-0.03327345491452777
-0.07634553343287226
-0.0861945883416185
-0.018464908793834948
0.07440876620703696
0.03446991873589554
0.10659238785041975
0.16110695908059683
-0.0862315146562132
-0.08825624079564899
-0.02059443141249156
-0.04798814410295025
-0.07798821004548458
-0.058184687423627805
0.1052475103711785
0.005543602342140278
0.13105969898674036
0.15155470817204822
0.07330052267816388
0.1759709547201037
0.05360340207703664
0.0688841530627443
-0.1873634859314251
-0.09884046803543507
-0.09639356029676154
-0.10023221106801304
-0.13399129799755413
-0.08149856179915187
-0.07145107217278238
-0.03582895001415292
-0.010193611865779401
-0.05302397081426778
0.04750204716185442
-0.0056326134675657846
-0.009995273811363113
0.05319192842048416
-0.1064413202647609
-0.024951737809082768
0.03052594884880801
0.14730087875221848
-0.007687872061447369
0.05086708406398531
-0.023846216772761757
0.021164617886412676
-0.050758362954207374
0.040239076701799006
0.06881518983927322
0.0826948263098076
0.05023037070667102
-0.0034474489730608442
0.06763279264765844
0.008505039759777991
-0.021188784121288468
-0.11826823843237984
0.11749564388622767
-0.03448111270774376
0.06915677647862856
0.08088436640420323
0.014926491635302356
0.0344288558815561
-0.0019653876770837657
0.025979279066980915
-0.03814131432409447
-0.03318576703744736
-0.030978701239389842
-0.1832388691637759
-0.07015845276502777
-0.10698671905917269
0.05242417188245784
0.0028058394181000217
-0.011953173233947002
-0.008266674019615497
-0.0012757987427317928
0.0762793713321203
0.20273061778854684
-0.07809744025188534
-0.022791615125544527
-0.01645899728419697
0.020519069843928404
0.07057512910161792
0.12225335466265072
0.087269084377218
0.08496271179187484
0.05054097772206866
0.06443799836905792
0.10371758951642945
-0.012930370369540745
0.07298558437232894
0.011053087941567374
0.0993184057149215
-0.0057516644801053115
0.09375821207159833
-0.055251752943226255
-0.013945258392099699
-0.15340950998907749
-0.019207132111090035
0.006773767377404021
0.01357919493399755
-0.024097862162305476
-0.01757017202108007
-0.030840146057058194
0.09320685531538621
0.15771592832854098
0.11216340232888436
0.1500367183815273
0.02938071652324482
0.10107475728529546
0.08496347825094591
0.03015852588212718
0.028807296246157025
-0.009820024646061503
0.10670624929403602
0.05823133260223845
0.06511467401445248
0.04908112938377776
0.07082634673760742
0.14360234971395588
0.1022764183375452
0.1039870407428482
0.10416345837000998
0.05893092164239664
0.10009044693875992
0.1135752265021769
0.06051668396941699
0.017969496683956226
-0.09980809462416078
-0.01321278899998213
0.027068478549644955
-0.07212179663831854
0.024340327018789715
-0.14544551208947032
-0.16767413059161557
0.07885636125301704
0.07072382314977473
-0.009109804891893024
0.04374551014614378
0.011669306741730178
0.0058086239717819975
0.07036947221067635
-0.0133864361912324
0.021991731158911478
7.243752782562941E-4
-0.08372556157576784
-0.08457001769904254
-0.05563598837248323
-0.08596764673835125
-0.011993871253719797
0.16774245777587615
0.07776691261418567
0.01567979582723187
0.03522042286569387
-0.09074212322552012
-0.004249045243765069
0.11397913939573705
0.03393880245888338
-0.03416938845152416
-0.09253964653117769
0.010704637420447262
-0.0444287794663267
0.0259732019345435
-0.05644472859317027
0.012836266848190161
-0.04292032327140444
-0.07994960853776206
-0.12004469981994008
0.00426342794324026
-0.031040582474706094
-0.03127098801950449
-0.15583797248389428
-0.04191120663953146
-0.05451156842035589
-0.03293169122724635
-0.04807792351382867
0.10015887242457111
0.03632634574008049
0.03740868448281869
-0.024958004535791868
0.06947489354790415
-0.03424983175438539
-0.008765810811275674
-0.02140140577617504
0.030253145816229596
-0.015149341886795998
-0.05948191078460382
-0.028292463166147083
-0.080269271720229
-0.037222611003876326
0.01916278074897705
0.061857669035566144
0.05445424600174842
-0.029753423207284833
2.114925686868646E-4
-0.0026908027727133303
0.03484133998364995
-0.07816310107632798
0.027931145372218635
-0.06028982369093075
-0.1549839793889971
0.05741001883690065
-0.05275081638518035
0.039752532429658545
-0.0658323459117849
-0.0013605315827915113
0.04908122177031628
0.11259438658576679
0.008646343860749962
0.04232246561507726
0.049570884751048185
0.05985813628872958
0.02006974227319591