0.4916201202629144
0.01117177672976774
-0.03164597503391593
0.05822676382054815
-0.012398486591761376
0.06596760234055907
0.024482531838481123
-3.6286866614726595E-4
-0.008833938999159355
0.03671301732183601
-0.04402439717877126
0.03280245475785287
0.03423041517993836
-0.021962368835607694
-0.03937291427811476
-0.03716021864092805
0.011511343368892969
-0.08484391991964571
0.03377062119566492
-0.011674062320112394
0.13479812229972407
0.04522908059524127
-0.02286858506201248
-0.011769652309671847
0.06104941013285086
0.021186139320385877
0.059423057105409856
0.05748971850405301
-0.07528212579657828
-0.018796615159528053
-0.012471693829738789
-0.04421513556006197
-0.058249206151574806
0.03296172242016121
0.04425625237867571
0.007108663442144241
0.022636076256967792
0.010122746302592318
0.07440067421862988
0.21234428256395843
-0.03130280502743061
0.035640144715828416
-0.14272048602524587
0.099065273445391
0.0693056337090401
-0.02009149777522108
0.04802548077342709
0.020754646217915368
-0.06591022856828806
0.06423555823771197
-0.08410247302298188
0.04558533456273453
0.029165058768740107
-0.007862632646539016
0.10839851679574934
-0.04054244791938594
0.00615867702002081
-0.04912631959657259
-0.03814331070908582
-0.04973064033333938
-0.08558197109851812
0.024817001827144403
0.15168936215705908
-0.004361853282217839
0.12504229616639373
0.11971918614752264
0.12808982832574922
0.09384331145995423
0.10039204855644998
0.02713876824199156
0.1909637261861768
-0.022736088623970238
0.09640332964628567
0.12118320207172278
0.11901133014419014
0.11520431214684582
0.06632884108871213
2.5280500155220416E-4
0.08324235997512487
0.04667363120401486
0.0021228321406137458
-0.009571833273972439
0.00999498360238839
0.004525021476033034
0.09281506625473962
0.010148004090830642
-0.0019763939464137585
-0.06004360481199456
-0.05582546186115826
-0.02749070451606085
-0.05709691971273699
0.06876865920897171
0.07497179534251117
0.07918761624227831
0.08664641310471556
-0.09546288492908778
0.13102899666562862
0.09744618445166082
-0.06975439111153192
0.11855195299456892
0.18046841638903283
0.13275589079480707
0.07991466537706814
0.09288394816269593
0.057444715195015116
0.04675105863971247
-0.05107512249746945
0.012615314302910121
0.05727094091707365
0.12760456323435784
-0.07605716307782222
0.010781941547298397
-0.0714143230181581
0.06720644505331498
0.0011078012184430387
0.037191821858097725
0.010854397204273846
0.06508397279672629
-0.005828797448517891
0.13768828154054713
-0.03625709433003055
0.02997554692959203
-0.0689727515706845
0.06321642374101223
-0.060199439335096874
-0.0071971097118218785
0.058186361454537455
-0.024725326672816735
0.15868921781961262
0.04741544010655111
0.12031675523460535
0.08225717566400433
0.10578543531949612
0.1295440455375886
-0.0531559805721168
9.438984264281582E-4
0.061751111107327845
0.08241241393051221
0.11325598876756511
-0.058496956820102586
0.08314150132346572
0.0406942210838024
-0.017016897432939704
0.016746698844102084
0.03951093525833201
0.07642546082275871
-0.08127307263069851
0.02777603082252663
-0.09022831379372569
0.03501870370423106
8.453184947467924E-4
-0.007603203835656167
-0.04491549527773017
0.017648680119839107
-0.06682721455067162
-0.01989956468273592
0.10311844841730407
0.03761474422950927
0.17101328069785093
0.09530700814900746
0.12381757429325344
-0.03232211313307619
0.12550271730694978
-0.07016685941600852
0.07158018316409977
0.059924552846458375
-0.0025726045619103416
0.14976630089160037
-0.09696782999876724
-0.02021581688978337
-0.025044574812255957
-0.0604973662613009
-0.11714649842433478
-0.02350095430153551
0.040721430893133424
0.018380305529247347
-0.14627643099379511
0.12649220637062486
0.018022557366616565
0.04382756983515688
-0.03776025845413496
0.053819296924998185
0.031980209493756184
0.07303141235118242
0.03159168524411483
0.10159383282293014
0.048394977340686055
0.04230524342293759
0.12106242746377788
-0.0013313639650177507
-0.06794894987262724
0.03021049079761355
0.1303097330777406
0.19201007458495575
-0.005649331889693004
0.1273765793249267
-0.012362398850226367
0.05598734333764844
0.013851701853456168
0.05398632022670214
-0.051269523866074015
-0.09185952160042979
-0.05373316621970148
-0.137193229983477
-0.12394369494734135
-7.937152400702093E-4
0.006701096476670389
0.002414876632360703
-0.059602637999042585
0.02288476164034071
0.051956330038072186
-0.002476528195130774
0.0987187581031182
0.05016305300310448
0.05736817503452176
0.07116099293148735
0.051796640123949536
0.12839067693568545
-0.02215476715024174
0.08364209082470674
0.09531157030323513
0.020239316221801935
0.08274844635734942
0.055738611436393616
0.016707498864464702
0.019857037077301763
0.05556702011168433
0.12493918121745629
-0.11874993187897517
-0.12607021654193915
-0.14007643207865209
-0.10506065699407248
0.0724280845137659
-0.021209988145498376
0.013022144904736199
-0.10971605435196521
-0.0858520373470501
0.010359733129620364
0.029864442190296
0.01530475239234317
0.10079141310353314
0.017527814378595626
0.03346434588558377
-0.10555140457060838
-0.045434191710137815
0.09411453928213451
0.020482288520250816
0.07142513314948148
0.10507704913551005
0.10668809813251408
0.028611340098778297
0.05550305085685731
-0.03773291273155013
-0.04850070276842929
-0.01690922884212424
-0.017292603756996004
-0.0679852810153518
-0.010120323546241428
-0.027048591592832773
-0.1470960412592454
-0.058523452085000885
0.07908160585481051
0.0763962669369012
0.02819519984496243
0.07185048564310607
-0.01411765803641746
0.1095246056245562
0.02993103337437507
-0.12960734807954558
-0.0640361171807497
-0.058506560878717306
0.047338336405042425
-0.06542598090771562
-0.02536737630902275
-0.1284767726719085
0.00887273756821751
0.10714480707280231
0.13162805395719718
0.10504596650528594
0.05472804401697863
0.02322068933318329
-0.06087517122893387
-0.10547853512648427
-0.060935661763527785
-0.03475169339934375
-0.020163657941845912
-0.17345891070639374
-0.06443736468784594
0.053188988987566986
0.023864415523482507
0.12630664880993148
0.060878602822194476
0.058036680178892096
0.12277611128851355
-0.0118577665551618
-0.04478646157242268
-0.1559067756023943
-0.0637073109670685
-0.07002397172256222
-0.07995825376351344
-0.03939559283970981
-0.0030868623832940203
0.014960801546591917
0.011461392480753575
0.0593329114088031
0.0398385218763716
0.006557591873847949
-0.06423445684498778
0.07564206031951884
0.027156734923722507
-0.059480793146154114
-0.06182636590756749
-0.11565570261703419
-0.03383899276098044
-0.08569889861592561
0.033817778278854994
0.07443301147403457
0.01697215763350797
0.06844902942589572
0.16553752192776192
0.06394911971020989
0.07033293822279588
0.10663166199755356
-0.19322035997785333
-0.10212032905866003
-0.1363528703144852
-0.11943901790235317
-0.11475464553777635
-0.05035422033332055
-0.07317440240913611
0.004782301481480101
0.14538844678972637
0.08096136668588175
0.08200314516539255
0.003798103752979008
-0.027925400210722123
0.007740514165429107
-0.0035979387507781182
-0.07369976377200387
-0.054432573496386354
0.0020563148166520243
-0.014522020889919277
-0.056260437596670564
0.07807904163290161
0.06721204338514301
0.12037042744684535
0.1837222301440746
0.08711335775774369
0.06387266502611524
0.03910273041283695
0.03988941195957453
-0.08647267881397926
-0.12719537248561114
-0.0842230416312527
-0.1211373876434161
-0.07790068819074657
0.017357734899737052
4.5152295642203835E-4
0.0569995289749304
0.023029389141630052
0.08361881599704842
0.14528411707127947
0.05669302202716031
0.06420430480480377
-0.009242229152493644
0.06968083412217967
-0.0389993606834606
0.0027823458972893824
-0.10609201249416518
-0.11689591847991787
0.03897890927021466
0.09015384003491743
0.0417433395400364
0.03133676419470471
0.16076963716455062
0.10235647706808954
0.15611862661512202
0.14243881494297916
-0.022542579421836358
-0.05460828544676443
-0.02067346168713392
-0.06434786747710625
-0.06892276915702225
-0.11562280357938876
-0.04977272351481308
-0.02481146551760476
0.043589499203257435
0.1599943960929243
0.14219208495092
0.10110081280308023
-0.17325676582930605
-0.12338429737910261
-0.05960919645094064
0.06414781279803344
-0.04229671994818706
-0.049829239227053894
-0.02801959582773356
-0.008435486092813008
0.02125587910257305
0.009880549035673546
0.07249610961607765
0.12790849108802352
0.11303400006086295
0.14563074944642726
0.15312529601334476
0.002628084770953165
-0.12318731588017144
-0.07957734341204538
-0.14020099356964524
-0.07653604456049075
-0.07913883434138914
-0.0653653553619431
-0.05268980348513067
0.11718826708466527
0.03450022399662298
0.09773885593862955
0.07323691838266488
0.08435744356458781
-0.08817624564565951
-0.23648675817613193
-0.03143726496045469
0.053898163731378235
-0.021960171632213345
-0.012241794577773886
-0.031610220370375995
0.03591737027914586
-0.04875757669391373
0.046646269609910876
0.1278866920446288
0.17287306518007647
0.18595886624097982
0.2059742989605074
0.08859630412632845
-0.06419467650443315
-0.03916936391098196
-0.052572913099562635
-0.0024437915311474093
-0.07635402722143271
-0.14921374729082226
-0.08336333966955897
-0.04661403508025645
0.06702085197373348
0.04414710539471288
0.08567392231656916
-0.010825511153265804
0.07820450725703822
-0.020892739012939785
-0.20121838953644428
-0.263725394638564
0.0012254512524824694
-0.06520281592110935
-0.05041510232932456
-0.03192358329376814
-0.11918004964835514
-0.05403301620207133
-0.05754734541338804
0.02258506999458891
0.042876845135805086
0.0068979446698922645
0.13043689457215696
0.12204130579333142
0.03725523456942258
-0.14293979426956505
-0.11460620938604821
0.025902978873055895
-0.05814773782137706
-0.11013691379710551
-0.029567136704346422
-0.01982279991155946
0.08949967136774412
0.06951638259002857
0.10782195872867234
0.029634822315678513
-0.07605829111740971
-0.06910881716738972
-0.1678424817421984
-0.07802208766186641
0.12357819546493773
-0.02918633727661192
-0.03131664649024223
-0.15987566360919453
-0.043552769645768305
-0.03341371328373324
0.13488692376362735
0.07968326414668787
0.1305974358582752
0.06577221402683098
0.13512616202429903
0.003901405957836299
-0.018257987162665617
-0.05677894895266258
-0.1582326253636023
-0.07247091585723758
0.025412355905105353
-0.018834440593011786
0.043388936896512714
0.15786958285737074
0.08750372383641387
0.06130738389509446
0.04414005783837582
0.03477317931782229
-0.09122368101654302
-0.08479025408320393
-0.12948520494464194
-0.1263509722560848
-0.004829224638958842
0.017136792037289735
-0.0685624110202177
-0.11967253048488175
0.006278741940776407
-0.006326225431129733
-0.008766349003614405
0.05184558065131331
0.07014294269535834
0.10076442903101472
0.13940859702354594
0.08112142331430036
-0.03524064231194488
-0.07313475231308507
-0.11538694528722025
0.033417156003953966
0.07227787022217286
0.11593164546363775
0.06556396697314952
0.06417821464595869
0.0462246306829708
0.08033101309261835
0.02812718793134928
0.02965054925498922
-0.0299284788322873
-0.07432282335957116
-0.1276245401118602
-0.003998134682260869
0.03929767698151997
0.05474805662928452
0.022047690173799293
-0.11345394515619538
-0.0010857416085657064
-3.275531608570776E-4
0.034885969811869345
0.17698860986048623
0.1397841240908335
0.01852441175452674
0.1169895655736997
0.07451173410530405
-0.04099571782450482
-0.008870984616231961
0.10867605682372071
-0.018298454441773762
0.15060381636527234
0.04454516189860684
0.022452740349188576
0.0841677447905308
0.15097743141994047
0.03610925007531628
0.03044766923272984
-0.09373390910986651
-0.03147311065048297
0.06524476921393911
0.03172883670799935
-0.016275272449270173
-0.025575299999566137
0.05127432160182838
0.12777461201442095
-0.1300426809686681
-0.06126614129467829
-0.02430066420725822
0.01437451183437298
0.055390443453415886
0.04764744346348892
0.1340763753015673
0.015466719132667306
0.11693640068660854
0.045312595305871894
0.046768582393019634
-0.015487900569900435
0.04086209499180318
0.016837457085995006
0.08413461133330309
0.009555688659494967
0.0706824818917132
0.06210177505009839
0.024824396229209275
0.051117196610461046
-0.0021014745991776262
-0.05508661025467828
-0.15266248084668582
0.017169153346249983
-0.10756732418056204
0.039806292474678005
-0.017382458912068185
0.059299922441935465
-0.0902108273790913
-0.10346439928074527
0.05400075491040426
0.035629473005620894
-0.04378071924470087
-0.0020066429011814215
0.04766703247501263
0.173826353017208
0.03304139978562535
0.10001593654588141
0.17340880736975672
0.05947092495286094
0.11269293702067514
0.1089875258212747
0.04673044640987756
0.08538196499658515
0.025761539905083196
0.019082360806720284
0.12566369990439508
0.052443042970572736
0.02194272704608814
0.044625038238956444
-0.09661944067068778
-0.02801105100441185
0.026015295353467135
0.03329396417716338
-0.0430839978816077
0.007914340386653285
-0.1167590038908331
-0.14932206652373228
0.0012349551552856622
-0.03965900900032718
0.01450398671891279
-0.12228349891524336
0.04633710346073858
0.051865263383618576
0.12117543349211768
0.14299337276888205
-0.0481527678907555
0.07490870583335543
0.054015569491095476
0.04454766448360744
0.07264821478095844
0.10270699345642079
0.13026902475948043
0.012578478293209582
0.10419702412128086
-0.08838950485694687
-0.08831958021981196
-0.015359933675278237
0.02889150044108081
0.04966086575900353
-0.1278420695010472
-0.06145511549702416
0.016296597423388896
0.08732314126387448
0.011971365682185616
-0.11478262118519078
-0.08538942629118224
-0.07190817876616136
-0.003737640794393829
0.0116752822259191
0.04071187933937318
-0.014592982221870113
0.06547046199362012
0.05673898924482579
-0.06866744130811303
-0.005071666532263505
-0.010555947773443122
0.011425749450179337
0.001113449654037925
0.1304764146091344
-0.019839967261195347
-0.06804343859118418
-0.05089459060819896
-0.08749044398493647
0.1284495971630332
0.2136968055171409
0.1696514133184121
0.047762034837464086
0.052530501618229156
-0.07415102938433135
0.006929791534479162
-0.10685674222417524
-0.1760126930277526
0.027740966180268493
-0.06782780671153854
-0.20185366611205077
-0.07882492701780848
-0.1330329430811102
-0.12299928105782215
-0.13583413359644955
-0.10603992083747636
0.06593852600751553
-0.07654110107121649
-0.13713327882587603
-0.05656437304838195
-0.032522349616352135
-0.08633617318218682
-0.0050698276393323725
0.09145869721778217
0.021047199254975096
0.18507333956394717
-0.01743306824345449
-0.02847881909326634
0.01563659462316066
0.07212321265799067
-0.031357756324324276
0.06640464737839069
-0.020614543703022122
-0.0118533572962682
-0.020252093902606343
-0.023344039363052058
0.2245061298010712
0.13431629533742515
-0.11851990140332043
-0.08167264255306807
-0.08390954480317155
-0.09754687145580808
-0.050791734931309555
-0.07769146026564937
-0.01523378627010351
-0.09168354889368693
-0.134891904835833
-0.04972492348241134
0.02714631165108431
0.05321232125667395
0.03552937233321431
0.040927693913875844
0.036721969782405176
-0.006254733672928271
-0.014906557595054274
-0.08855414622643604
0.022317506689740446
-0.0767730184263364
0.006186542167419456
-0.028340768005082055
-7.0912837944883065E-6
0.005460463525391341
-0.058481721187056274
-0.03749194317161043
0.015043413844006589
-0.031829033992402896
0.07984633886687982
-0.12565669114788247
-0.052881875881510394
-0.02434476788268576
-0.041179966216399404
-0.0875765554739042
-0.17445060146461783
-0.13653585756479839
-0.03756664984878518
-0.08139879223021354
-0.10332540913332174
-0.027911535445417305
-0.15376826776553593
-0.05447177416302545
-0.02058344102813629
0.0234361958276334
0.042000281352381826
-0.0498113257423042
-0.03632560532309552
-0.036499435250728504
-0.038187341411866964
0.05094810420357181
-0.044726484920805075
0.08341930931057527
0.01804178317722056
0.0198943719689376
-0.054642151507106634
0.008633478756450175
-0.06629312346978075
-5.218628381879284E-4
-0.155436512455847
-0.107050501477327
-0.06837656422581334
-0.008326569961803181
-0.04514861795521071
-0.006782106168177071
-0.09479720278721382
-0.05734900751404864
-0.09395142042087795
-0.035899408042361275
0.01541500913627557
-0.03905723864320133
0.01529589127026379
-0.0388475915262784
2.2031034445239436E-5
0.037058374212153106
0.011289890835461485
0.03877941722079318
-0.10446933333391115
-0.07640623670692703