0.8884444657069148
0.034474152670701516
-0.0053180360722771824
-0.037568465542136234
0.009505732552557282
0.10608871305706456
0.018306268848735624
0.05319104089205918
0.0677553650794777
0.06928623200041863
0.06789344375269882
-0.043137951767541705
-0.057028981785844944
-0.05776683004080148
-0.006792217808895088
0.04127707702978179
-0.08117844545797064
0.07232481097068977
0.0055265433435883445
0.012440746351971331
-0.015421878207149152
-0.09205922416932573
0.06977460184933663
0.032383954537233854
-0.07368898168447204
-0.05069609433120619
-0.0376103576353102
0.05392938104658044
-0.0921175048653567
0.05508468554885371
0.09338297987603085
0.06698920602478362
-0.09003653649758925
-0.027004137083088475
0.005788923415566292
-0.04965189229071735
-0.055826376619087056
0.05002985928952369
0.02867705846914103
-0.029714220407693625
-0.03630349338127981
-0.028632121054106802
0.022347911976137846
0.06573917775487213
-0.10812750801726896
-0.02050368944141152
-0.0037746527306939857
0.0015453186737845973
0.12123097497331341
0.00999175242950145
-0.05925070160851926
-0.038345908033915424
0.021929826332094848
-0.08002503392380675
0.07022701825025922
-0.11011471005035768
9.500947762738838E-4
-0.02856693941096497
0.029538143477402044
-0.017818709942955268
-0.05844679729011859
0.07658664903705976
0.02160709910830217
-0.01657197991775213
0.04994152504718222
0.055610338655279985
-0.002111896825134397
-0.10524324057260409
0.06953317644923457
0.027017586847941345
0.13513300419225135
0.08866426133445074
0.11514149814864243
-0.002003786616426897
0.12140797443150649
0.10035229859837777
0.10984378146213715
0.05462389735943261
0.12957466470053433
0.10897219923546136
0.06252469893119955
0.06244787195529563
-0.061663490253350314
-0.06456482034261894
0.07897742858859168
0.06345475747627029
0.06596545851826492
0.06133884490118418
-0.04686051530300812
0.038177858991176185
-0.021734833407431552
0.12005227755217754
0.09342792448436826
0.10670932217338135
0.04635661051143277
0.1255525152947087
0.21328401661979066
0.09251152289229635
0.18806461124230578
0.07521981998452973
-0.04583845802516255
0.08420060465693505
0.059126219883703694
0.08489187903240705
0.19148888191145289
0.044957014469736906
0.048671441947400876
0.071244140178856
0.11011522815048753
0.13999868339477278
0.05863118804799775
-0.08393775913002839
0.004066609385005701
0.06767510958165723
-0.0279831912191202
-0.052298610206618544
0.01742689026729986
-0.029571003925903932
-0.0247660258823715
0.15488088252016233
0.07704494975082277
0.1687961686914671
-0.026206659156548823
-0.002702036810233739
0.07589002245407388
-0.03065600114069304
0.013663972505754123
-0.009299066032048824
0.049615254801172605
-0.010422686437610263
0.0810607684901042
0.04627306594599672
0.05927988941858575
-0.01779211341465617
-0.02684894290742157
-0.003627169755911118
0.07593432206158854
0.1361051964603658
0.08399160028819982
0.030291440414271963
0.03142214033338316
-0.0448042096507357
-0.042771111923342854
-0.04827335559862567
-0.025463658214958506
-0.042224984956721404
0.0010200596578624718
-0.06785781345638818
0.011215017248280602
0.0542519084026896
0.008000215549483672
-0.021584965910453835
0.03270781529904746
0.07363824071643175
0.03693457338539231
0.03926589440408221
-0.03504483822105917
-0.029571595733468053
0.05577288597802358
-0.12939529159236018
0.02479514334596559
0.04209808760384272
0.009499110532911425
0.07368669979652842
0.0053519215489147955
0.03872647111104802
0.025082042246943274
-0.144514399993278
0.004321828101139782
0.08778291396021463
-0.008300237740820733
0.010314777269104286
-0.045396281187736684
0.12572836162013876
-0.05910825556375535
0.01068900607536775
0.014826890938029084
0.022894333017129422
-0.007734758858145984
0.014843359158173322
-0.03640299510176547
-0.034797852931473645
-0.06829343575337442
-0.049626770211964794
-0.004384529304373122
-0.08145730073744219
-0.010778638961586387
-0.05779522678520875
-0.0791126903669574
0.011438009299443833
0.10717333379414122
0.0637398855970723
-0.04397709058901297
-0.09401758659813145
0.02268649856744081
-0.09796017997942241
-0.010975466698509866
0.032556916330217144
-0.05688685818668898
-0.11072697370804067
-0.060128033461115955
-0.09801267354637591
0.02862215796241913
0.02182342396499016
-0.03535726624739577
-0.13704564153036697
-0.02707206179541157
0.012238546866090714
-0.11867242596750902
-0.09545678270952458
-0.10229187612556076
-0.07708065852141843
-0.05180340093665338
-0.11436699540657028
-0.043701588798869304
-0.05853874667846047
-0.08102949935401262
-0.09041240665703654
0.03002950866129389
-0.04205539423682016
-0.03551563526984293
-0.191422459552352
-0.030619978850383527
-0.1768219787587212
0.022180619010810285
-0.01175236959129128
0.012250910775948082
-0.1307523485480787
-0.09933237368360494
-0.052713156390180954
-0.07446037128347026
-0.3055408671316088
-0.1432124592026228
-0.017707514584839237
-0.09610406868301131
-0.08386794066340215
-0.015747039088752243
0.03292696961319236
-0.052043375365195495
-0.021358582569027586
-0.034614401681962705
-0.06385358489188593
-0.15697970772208172
-0.1043156493504511
-0.12358230856327908
-0.04613551128308946
-0.06971423964853005
-0.01472031676955245
-0.016724004618764197
-0.11167192558502757
-0.11871949140510189
-0.18909899931838237
0.0017639691306829612
-0.13583659025760556
0.02423046625791132
0.014449582538028584
-0.029896686534705876
-0.05334549122124255
-0.09086347204043528
-0.09152597874689218
-0.09959121437941176
-0.1419258052933614
0.0613989885395745
0.010969923382516091
0.02354611054864069
-0.020499230977561646
-0.06977594691853883
-0.13777272512172276
-0.08280293534926013
-0.10789916503211067
-0.1639079585728578
0.045601660056780915
-0.09668202750171212
0.03508279800172752
-0.0598101746477216
0.06407501857650937
-0.09369934461905999
-0.13076307009752108
-0.18142347635973566
-0.17837815941757337
-0.10480151620366829
-0.0449003386331031
-0.03711457284002845
-0.008225957184684878
0.004273923292411964
-0.013863215302302731
-0.12292548932514724
-0.0484501562220938
-0.07429254626130356
0.06900223460307785
-0.10231717457529431
-0.039315328141108864
0.07451854203132327
-0.07933305011266814
-0.024277837984781288
-0.018863079015666435
-0.16693211459037452
-0.12414842103945743
0.07269390353795699
-0.00507570957171586
0.12955981107974865
0.0061985558226168025
0.08783362590652519
-0.009713293685552757
-0.046717414906101914
-0.0747274370696385
-0.18698351604145463
0.026335167839524224
-0.10996514856213059
-0.007721545534862476
-0.036668619038426616
0.03178730943540087
-0.08462716983989428
-0.0912314878375697
-0.10888711605680507
-0.1434577117907448
-0.10573986043153864
-0.007760870983382246
0.035247007508863844
-0.022981996128404434
0.05929664492327189
-0.02574612239865224
-0.16723365044844432
-0.12179865280530533
0.03724128845013949
-0.10249198740818731
-0.008459385395298964
0.07418204583659277
0.18129469938164594
0.07739335745279982
0.10647754839576916
-0.058553391501451356
-0.06465585909862333
-0.057507398552369755
-0.06034428620645003
0.061631282301034984
0.06176034815031997
-0.0845177268193602
-0.05260390851082821
-7.600332983714525E-5
-0.12646749727773984
0.04549448566802999
-0.13874848056474626
-0.09651471713959746
0.14559169757853493
0.022402675900616852
0.030474839009412554
-0.0317722013956142
-0.04289283615729858
-0.1183942002760026
-0.006479152956598567
-0.1035561825119532
-0.03864291010107066
0.02134509566653213
0.11008182500148471
0.07792529648085739
0.052668841588690965
0.009502511494070645
-0.04070491501485279
-0.12556160338097597
-0.08398685983129348
-0.005631466752687659
-0.059586813751329765
0.014068728448187904
-0.012795372106248025
-0.008407216020431811
0.04495629636590755
-0.1133238906191207
-0.10772943120003459
0.03217301192966759
-0.0548875589058982
0.034207429773412776
0.07642597804935886
0.07169759625615486
0.030725593015105197
0.07885625465152576
0.021499106814847978
-0.07598146936840351
-0.08481178387991287
-0.06062471604660176
-0.014702931242095756
0.10905761929234188
0.20549066330104251
0.11564010240941838
0.07404688483310316
0.045414723252661486
-0.04279190965457495
-0.02035851659620595
-0.10358561388776691
-0.07685285771984077
0.049528468941573846
0.12106121474617315
-0.016646461574000404
-0.00955829458530138
-0.016895915353298426
-0.03739450021285246
0.001658281657368397
-0.13676180484377407
0.017781777694355183
0.14109493385236097
0.10345233784587518
0.07297493431811576
0.12667928005495968
0.100561109889085
0.01023188574744485
0.09104540165638621
0.06773931153496951
0.13552090071814404
0.1085584450319403
0.07549952042654451
0.1629973869055495
0.06512918907229766
0.026830545202143768
0.09138186070838714
0.023279077723381968
-0.0037392871030325426
-0.0187293714310003
-0.08024170751627002
0.1332293701727065
0.14875782825652764
0.043751669489765076
-0.08190399206887512
0.03489947875446365
0.007128516656632702
0.07946208050726421
-0.07618559178259973
0.13457166565620896
0.1863628183102243
0.06850632384752421
0.05314172815386674
0.08399776880410278
0.0672989021830734
0.15366659311175446
0.11205151073137475
0.2024000015125346
0.08175054065794765
0.15321812185879513
0.18333483289654645
0.1540463123904042
0.014272573355138738
-0.02076737638212926
-0.01631030385743659
0.01431136781632745
-0.029431606531388977
-0.0233540677979259
0.18507608312113938
0.027905776345003862
0.11639943181935189
0.10412109746256687
-0.03299264847503256
0.02879252368641211
-0.04824271630315916
0.11253351583826195
0.0958640194285007
0.14786415565560423
0.12671949376185446
0.18422968095425313
0.059131944288135146
0.042188360277531485
0.27460281640008716
0.09936789999864934
0.08224697669534875
0.0813365051846611
0.06154677778978265
0.09387303514044572
0.12873967635190262
0.08923922368390588
0.09372793404624688
0.050894862575023486
0.06773493424577591
-0.08307501790856038
-0.00634314347362705
-0.08716049233775129
0.11217346052614624
0.0788518074020148
0.10833207958009401
0.07705982986325143
-0.02344157845773726
0.025734741414788643
0.061462025406061715
0.055935937316871645
-0.05262042346720188
0.04229591290715416
0.08641523978464939
0.01805719391946396
0.07642011428631397
0.1317151394307622
0.12455435553360454
0.046662389215695335
0.023388666843844007
0.09256036313374999
0.1188812874871995
0.17423435713480478
0.2137703965162069
0.10391938822793642
0.1108889038056208
-0.038787742710794264
-0.006834225755075778
0.052824125145533175
0.16624597407180247
0.1689991995421945
0.1683048853986908
0.10747160820710353
0.11063082869304755
0.0635861627711243
0.044086493029956146
-0.02573727535187776
0.07259916461529414
-0.035671237921468625
-0.09789284556658308
0.01931258440812844
0.061912993867506046
0.06214895753861455
0.06343368968692913
9.497593438841843E-4
0.029691139050975528
0.13118752891921662
0.10594922148103103
0.12442450681612602
0.10618618621455972
0.1081025100355694
0.09187044838028066
0.04718770498165259
-0.004567190273965702
-0.09091004254015639
0.05985199395237112
-0.05163224042040804
0.006774388002278683
-0.013475780368504322
0.007345875383044756
0.18740094677815672
0.08506443160365429
-0.05697707475711595
-0.007416518199586856
-0.03036537494448667
-0.0785454040901534
-0.07652248270083488
0.05028159086104172
0.0027840245439746674
0.025606680759010347
-0.072504698935631
0.0657753963726233
0.04126796100544934
0.08260273333298467
-0.011750278539509945
0.060968081342103304
0.011104860556948726
0.08621521304091571
0.041907233220361655
0.08695149800008019
0.013354305354844645
0.003177815876478806
0.009282438285384682
-0.004624820687842003
-0.014048769466229606
-0.07847725527763627
0.02638861007593538
0.1392549744652631
-0.014905665145714626
0.056634423203261404
0.062262735506037954
0.02663542527523285
0.013626124063317016
0.09459179313449871
0.05431250133097205
-0.026074202027688242
-0.05791497940538361
-0.0548066088695938
-0.10018436186341034
0.04639556809615006
0.006002186532660608
-0.10571507460816269
0.0617980246578185
0.031717784929623266
0.031020198998891385
-0.00204583623671942
0.05976648213710725
0.058832262268748894
0.057020881158799816
-0.08567442544191556
0.0064631240106228
0.08460839375701762
-0.08282888322615126
-0.05536658101921867
-0.025548587440872707
0.08763237351645249
0.12834103952481807
0.013057186017213666
-0.05931650511273905
0.04951833913748846
0.04149772058855992
0.08018652894000605
0.08842737753971407
0.05447033728134945
0.008801804408946803
-0.028406138062146622
0.08912973362160774
-0.07898029157943968
-0.024722404879082543
-0.10478566311354123
-0.10643981384395566
-0.18757518655552566
-0.014173586210563445
-0.012560207998450834
-0.08505534429819046
0.06629495592519914
-0.0729949201484379
0.05810429042818409
0.011603344273186208
-0.02072701455358515
-0.022682272260852447
0.036463726422246955
0.1171794485614997
-0.0247236619202859
0.03855038739435786
-0.04677386517633585
-0.009636589964314917
-0.08301890211577688
0.033758785719364914
0.05349599110804168
0.030656539787889563
0.05473216088868856
0.05264330684424794
0.040497460330470914
-0.025279000438797574
-0.07618820046625947
-0.06328457782586097
-0.09977660006383504
-0.05728730471986908
-0.15528140940430618
-0.07450561824095657
-0.12393316396179141
-0.19538168916032359
-0.09204529629965068
-0.0069495475069758
0.011826347504704772
0.05844917178847213
-0.00763821914856082
0.10784971675019789
0.074055940400589
0.05342627391643052
0.0486893471865079
0.06018265147386994
0.008496775050213394
0.060980622291312285
-0.047257252131405456
-0.08383145245421408
0.032298466781833624
0.10694604092580069
0.0912702697469569
0.1275496942736268
-0.049608823458965806
-0.09228072080761446
-0.10758658991254134
-0.07252215556477727
-0.10743448648802412
-0.05633534186327337
-0.13967000182400052
-0.18009458816821425
-0.12545414293928553
-0.09790494522824007
-0.12003836807375765
-0.15291735393177416
0.09583221492230835
0.01623267509833671
0.11946128610886232
0.08757365560144562
0.11306956544426942
0.10259924679913987
0.016454285106712943
-0.057986502202770115
0.0916614849239285
0.055967583407380124
0.02323383376599773
0.017088683396464063
-0.00963394201393987
0.014146303055494247
-0.1801818446354204
-0.06945227083290458
-0.09159704015512858
-0.223866985590811
-0.0902876649050309
-0.1434104555861988
-0.08528837349119363
-0.09214463693678444
-0.10880667915378098
-0.038260356845183245
0.0642701555678136
-0.0743331595972329
-0.045087835939467504
0.1351824909772246
0.08179894439732013
0.08466387293564613
0.015453005436260867
-0.0391275339159618
-0.030778165791631392
0.1790863769777464
-0.052589277412468195
0.0783032998368581
0.04083945361359277
-0.004406367826289841
0.045667506480518746
-0.02453473583932946
0.012004846809951307
-0.1372055810359321
-0.1641634311341481
-0.07511700381672227
0.04106364460609433
-0.0451697891087802
-0.06721189740684862
-0.03253339502209168
-0.08573872266716151
-0.08574057783047372
-0.027292658597730002
-0.0628789959154016
-0.07977294051421856
-0.050939334146168004
-0.0783889553928775
-0.09122841684481701
0.0309711085573115
-0.07213932245446208
-0.16464842343080185
-0.0658572230186256
-0.06770733707288558
0.005072038442418554
-0.005971959512333856
0.07199337232609529
0.08782883962425994
0.0996653376435473
-0.04665324887331257
0.048131027298092675
0.08238780116609232
-0.057369095808567715
-0.08098295056338561
-0.04556306174755104
0.04768377344298725
-0.06751632828788212
-0.17650962540587575
-0.12338909227026229
-0.15370742216902075
-0.04992148264615279
-0.06018986385936145
-0.052230212665051456
-0.06557010885930496
-0.03670148919877116
-0.08725048702135844
-0.07838929399300855
-0.12372014782659713
-0.1335192164391292
-0.14381993613353594
-0.1356486077697653
0.055684199260237606
-0.03355846318719414
0.1040152617078849
-0.09322555624097716
-0.05637365339770833
0.12653921049647657
-0.020750748548485416
-0.07878513174188259
-0.035425977288170284
-0.05925785515688411
0.02493711176313
0.06490130274280757
0.0029012258648249607
-0.061370235928099114
-0.03819050386694092
-0.06159351139659353
-0.11759863340912684
-0.07132241311231334
-0.053107230288781074
-0.04472824969033575
-0.08188614709561766
-0.02622085079894645
-0.05182343904957048
-0.0662172147017886
-0.05600040363395678
0.057289927668308156
-0.020767253922591763
0.02020526445203091
-0.014346229195977788
0.057068996526124224
-0.016648316288795505
-0.06040004480106588
0.007426501488682182
-0.051324522476749235