0.44396357060757496
0.06762054595049881
0.03968101041365341
0.016981710023895986
-0.12673856548838727
0.01507372689967646
-0.02064512754944827
-0.05198358872515058
0.054570975035324085
-0.040440048802738125
0.05710257198614733
0.024393045048738526
0.01773962716778501
0.018902687997034297
0.05087846600255392
-0.036939892469879734
-0.019409327106640593
0.07021629322015652
-0.09315089324908295
-0.06301779086138756
0.06886294636168841
0.012429329148649457
-0.0394696760639406
-0.003384402036069984
0.05510034820015708
-0.06081298009922503
-0.022499190307257666
0.02510411225943549
0.007910522370618834
0.03714103995818401
0.025941785072578098
0.050970260020671065
-0.029736981572306052
0.023726342628405114
0.04901057443954742
0.08784844565625473
-0.02959981347743844
0.03175544424669588
-0.11105705879531173
-0.14445562400329554
0.06338774146659151
0.015555312796552609
0.01570379382600742
0.026749521218218185
-0.07505674235255202
-0.015519979311200105
-0.007566050869387397
-0.15625889161522416
-0.08241503342942959
0.0015891390583785505
0.001226842935375656
-0.10471782853975689
0.05763475440956688
-0.01522619211853719
-0.03545030319475522
0.01188248554483857
0.043902514847390765
0.02402799016708891
-0.02581627008712964
0.014252836227539227
0.0010118739660900592
-0.043324346916206985
-2.446090148286197E-4
0.03498279249201874
0.04457363402596282
-0.10572284656335433
-0.15812663882921948
-0.07834815631009685
-0.04962687439016618
-0.1285182007129063
-0.09066788960931994
-0.02865218072178041
-0.0750625112118697
-0.08929959449292244
-0.07677838518437993
-0.07651601775318095
-0.14298042805420294
-0.17744745351633445
-0.06309390733596415
-0.046703166447714724
-0.05237627690800437
0.016747262352213382
-0.018795829287318228
-0.022654927409996
0.023303799745272573
-0.014881379186433851
-0.09075616611094456
0.04221216075401101
-0.09169754462147153
-0.06296795578587402
0.03745714982989894
-0.10634469962582815
0.008106853116514245
-0.0012137173024746246
-0.10077299945097953
-0.12313112092630454
-0.0936107964612212
-0.19353579781734048
-0.06298009291496857
-0.11826014516499579
-0.07889965517065989
-0.023721473039276703
0.02912204958919618
-0.06772501877670578
-0.02683533867784148
-0.03297858142872508
0.10501383000881125
-0.0518946868712513
-0.17696543085527947
0.006029170646137652
0.017655495463902434
-0.017853716825674753
0.02545375625253048
0.08527295257889292
-0.05367779457348576
0.07488195458934299
0.0011721349467508908
0.14495349724346854
-0.009456571106739009
-0.10436551672256214
-0.0655276086890917
-0.019637834075628493
-0.024716742478545474
-0.004344341674466814
0.059281797831911155
0.024581296535869046
-0.11407132274937987
-0.014162828191316016
-0.052419510527121016
0.005245832024441309
-0.07486762718258023
-0.01352510321233718
-0.0420007277947248
0.03521202911046453
0.020584597125664475
0.0596328359032328
0.13860496536169406
0.04092730542729446
-0.09421969643009222
-0.0338200442567964
0.05197015239528141
-0.03773079790900265
0.06265899005065963
-0.06432555025334037
-0.04029846388945774
-0.006008310911805609
0.0031444049962257234
0.0704537802617342
0.09401032889008305
0.16597982195008745
0.03146175173284315
0.0765470913698795
0.133528971755798
0.0975429837804
0.01011135773175426
-0.04266120109515171
-0.04236254954100532
0.01159803314906543
0.004383549002447477
-0.05207778894038685
-0.00251577273131821
0.007930589686304359
0.08270164973975068
0.0020049792603569275
0.08949713002826999
0.16733572386350767
0.04312171784621283
0.09604863736656513
0.013561980455019234
0.02376496985820635
-0.005258359704968539
0.06546323391803673
-0.0041818735874329625
0.09847622824639624
0.04112604655024632
0.09865239095593491
0.08315111788266051
0.10989777590021453
0.09330810143318705
0.11654604147279723
0.14946244122277016
0.009964589824856407
0.03756177101547497
-0.014534458855297184
0.05659226615299356
-0.013758569476125542
-0.05266278225533476
0.05736163931734402
-0.03794448775737033
0.08343428405855227
0.03031905341287941
0.012004288223325608
0.051146473409362965
0.03455373739835482
0.06392167918343826
0.04178663649235416
0.07514031364097966
0.06806087207888725
-0.06725784422921235
0.08337724399161697
0.051226458415705
0.16134898287832128
-0.03356199022410591
0.11675738834411656
0.04417456368087686
0.020679272857529164
0.024484801655431244
0.050104345913530024
0.03607841463505934
0.07913755669754755
-0.0161850955907067
0.06345362515302998
0.11500429599709086
0.0344140100006695
-0.01894696468752621
0.09447584997416418
0.012447035071261166
0.10361102738900771
0.12200951739845575
0.1252580567598004
0.040532190230493634
0.06551758750162266
0.07747792964365545
0.19378149899155145
-0.03309679913170243
0.0032070633167683485
-0.058896114918935635
0.018116243502707702
0.04259717884840714
0.041663028321441566
0.07085269765077022
0.08016584856222593
5.426175243014637E-4
0.1470600229093188
0.054063386480901136
0.08214581262302041
0.03587466262170231
0.16778742388224477
0.0339653251204006
0.0440826978971456
0.05253129098373722
0.04064586506796233
0.07224744423939719
0.09418007329798542
0.1500536725732771
0.06846613420211717
0.06498467239530327
0.0018646885453344206
0.027198664436663533
0.08799036245013872
0.06891441458408623
0.13201834042642224
0.021659184684047435
-0.06544609828925228
0.02305618486746292
-0.07035977382669488
0.12155149305204684
-0.010613164507239198
0.1472331105074854
0.034962931634831
0.1262120987206099
0.10954880776704025
0.16135249838498114
0.06827673240656466
-0.025184199537171395
0.11712957973564858
0.10937947757532449
0.0778975676726141
0.05224569895750022
0.0794459394089673
0.05870606497382718
0.13606538559625989
0.05751903613953461
0.04962159284752504
0.08456364645952925
0.0696278118248429
-0.11735373142651871
0.1235673782156362
0.1378137527823322
0.09912017675857811
0.1000277904956767
0.016609834947017104
0.08614749335323098
0.10328656960405867
0.12369439861278496
0.12066107933201212
0.1089679831099745
0.09487401471243238
0.08438505786664417
4.842717067400973E-4
0.055224923818567945
0.08024278015558825
0.102028067846833
0.06929524142106933
0.04981190939199442
0.13155345078600966
0.10126687484337349
0.05534919318497127
0.14426333659870647
0.03645013567099229
0.038730036327510535
0.0781869380665789
0.005728365803775572
-0.03625477960530855
-0.10339893290767947
0.03614695955336898
0.12448056655825732
-0.03243838046955459
0.07767808233154622
0.001659763728012004
0.0402221898786048
0.028337453371978693
0.13109880828961287
0.11425535988481895
-0.018370285658101285
0.03851294368312796
0.12950745356349483
0.05484300457281361
0.16269820222866407
0.07919096447923102
0.18532687631830713
0.1470994936895923
0.07443386642067791
0.040583032272575516
0.02140664333667335
0.16586686727147723
0.09051468100850468
0.09657174803909784
0.07977625945717896
-0.04773962930358908
-0.11478745210514085
-0.12147690844964618
-0.10256055825913454
-0.12929992814042046
0.06677327930089802
0.018818925216306525
-0.009425204555017245
0.06157280459095551
0.11926103329725361
0.11178347555172423
0.05764118016318875
0.11874840355405969
0.1042758658582976
0.1016063467052219
0.07985463091907528
0.06217866206392284
0.15650182341518856
0.0050825648346815005
0.08355336971205829
0.1459966036615018
0.05002662444169096
0.14459496128869798
0.06449134469160835
-0.012994313763319287
0.031120708483102565
0.13208358341608237
0.004418565049980633
-0.07987491594274386
-0.007825674913702809
-0.12435808724549013
-0.06076841514562909
-0.05068173315556352
0.020087367592454868
0.02942714980117038
0.023522216890237688
-0.00875508711584524
-0.06842679707363061
-0.008696757983466688
0.047665426583568066
0.014416001392318403
0.005566632666572273
0.07292375524667412
0.004087977568913005
0.06622618618581802
-0.04336363767782174
0.02655295922018435
0.1335959409460222
0.03191281818898569
0.10616648995075315
0.023586641956919636
-0.03307451104639887
0.0605320387558886
0.06836172183136872
0.03584768642907022
0.047290483352977995
-0.0549507593296833
-0.025120573807042593
-0.1223666802840998
-0.02823763508511771
-0.025529308968100708
-0.032879822405330494
0.03854351994473312
0.029819281157409904
-0.005744583131430927
-0.03332729889461561
0.01986045800089816
-0.04432552602212551
0.05734719859147186
0.03848971779202902
-0.12462507385224136
-0.05014528008603335
0.004629629113033626
-0.027591919978138663
-0.010943064632731783
-0.021935312762733822
-0.019159206395637823
-0.029086428502523926
-0.020260880487236642
0.06473684973056033
0.070613162099932
0.1029400660815356
0.16884072327732141
0.03742063146919237
-0.03792563986803705
-0.05404332093964286
-0.2407651253189775
-0.03931675006229016
-0.026988391168919018
-0.02961047164045435
-0.07271282331677173
0.038768443645677136
0.05477234631674551
0.012095946885569867
-0.0715577586798208
0.019297009370909488
0.09645407471287129
-0.08600829197984293
-0.06355673066518647
-0.09782870024851006
-0.07803394495225849
-0.05413461892545757
-0.03442841977482381
-0.028286280100176222
-0.045090810215867784
-0.01406692203940509
-0.010880638787440215
-0.005595605777103691
0.04223599249576844
0.011347753971086985
0.13058033674291114
0.1194949526020605
0.13669031635556741
-0.052649323470444445
-0.06819940001946319
-0.10743848075293204
-0.11643415520770993
-0.024882376119384934
-0.07328341795411665
-0.14735674364643797
0.0307401390467841
0.026336010959762138
0.09035148572325415
0.17074042272834183
0.08635261203329563
-0.07579246409441007
-0.024584121410260392
-0.07758540882880777
-0.19405861768648325
-0.04530459088806035
-0.11613353479705336
-0.030406825236190912
-0.04857182812924965
-0.08910180977712238
-0.11730141753829681
-0.1022958962118023
0.053420862729803544
0.04472290671210735
0.05927963416558393
0.08852745454959404
0.009203487102500543
-0.11773785294281541
0.005948008460883302
0.026837703213094977
-0.11414819645848849
-0.14850799995946753
-0.08599289154272012
-0.1313954063732922
0.10986248075072164
0.007801545856529753
0.06886556478338046
0.14724146359706977
0.1327433189337452
-0.0809751464598019
-0.03774560941014429
-0.017624975073816097
-0.03084670897583758
-0.06085663797187226
-0.11846926025660703
-0.04961739944201381
-0.1443366493543862
-0.09165043751561563
-0.09750286497568979
0.02545544662189637
0.025013967332015247
0.004835903503057667
0.07198682604921465
0.11217305998188745
-0.03114767718859554
-0.03969060200584708
-0.08299518979952056
-0.04620846969359214
-0.08800994956950012
-0.12173419119276373
-0.10339988999012414
-0.0494078302126812
0.06907607611220878
-0.03309084307748225
0.1165794263698818
0.09115162044836851
-0.008942190949759735
-0.1182999289626085
0.008814008583608814
-0.06342815757679633
-0.07604098747234139
-0.09212140972651245
0.013611855551094275
-0.15315928128138848
-0.07903526965557459
-0.1501325111805741
-0.04192998492957461
-0.026932645112387445
0.04457841879676296
0.07962870212086633
4.169472628715726E-6
0.03463461359067969
-0.06266768541438766
0.027242785225721877
-0.028698485276056077
-0.13869991067776571
-0.13934103213534105
-0.0667147031172986
0.0697447420940487
-0.006433585356633205
-0.004779951819223077
-0.03220993915270569
0.05626804475608175
0.13803123931283584
0.04604277225058353
0.019672177522055214
-0.037772842006914484
-0.0344928041723196
-0.08276690090387352
-0.09117832935968348
-0.1300606055679282
-0.15493444956370891
-0.0059516512311239035
-0.03821177778472477
-0.07978410924052155
-0.1143561352964622
0.004653162623789785
1.235822290279829E-5
0.029243884462173277
-0.07040237251363836
-0.034741339391207965
-0.05274124414270826
-0.03622076185914432
-0.1491804217021423
-0.17541347409014985
-0.10524341708168004
-0.09735660627978598
0.015181588350497965
-0.01160191425884677
0.06553591114266592
0.1265016628169745
0.16909010400374483
0.030244249223976803
7.482292831364819E-4
0.06942709741774768
0.09596397267247395
-0.10047867865455852
0.008297886116179352
-0.1487412903673303
0.013210147202830846
-0.07080667229073691
-0.03991408622461574
-0.03037232994187201
0.007581951303223937
-0.007845645730497248
-0.006059386545981816
0.08195700009969359
0.04888166969212929
-0.08495103195490053
-0.01257108420006109
-0.10713835014776807
-0.19562038791145892
-0.060736864770350354
-0.02919937469534213
-0.026394258923951718
0.02259179454426513
0.015878030643888152
0.09697631995304988
0.09395330021095176
0.10477262862956604
0.15163331685445508
0.07214513808866754
0.08274355675704095
0.09472452430429447
0.08129488044101066
-0.0303454726119708
-0.01664112562798394
-0.11107970261997581
0.037602248982342726
-0.05172089542804481
-0.01090154072238417
0.012892270586803475
0.11875521458553236
0.01042797492790784
-0.009379980469426489
0.012973991251790872
0.014780102530503167
-0.08223426696877881
-0.059662519521580054
-0.1707940187986432
-0.03448932100636565
-0.133572999044249
0.05320469053109664
-0.0978130017363872
-0.03337236855902512
0.019018576305241522
-0.19517210941090496
0.12872524797121243
0.026231120657797865
-0.01078644423964804
0.03580015975894201
0.039402714156696016
0.08167697836803894
0.0052413013486824105
0.0026039895095009815
0.11280632113910535
0.05559560747033362
0.08617013844657821
-0.024866080582146313
0.02238877769183302
0.08415167322568952
0.10834556839781904
0.018061858091268628
0.05469298087891402
0.038663906292734376
0.00508377027503573
-0.0458020700247708
-0.07502967470020114
-0.12147120783086189
-0.21000096431248097
-3.6825395597558896E-5
0.05998721698072081
-0.034894119868997375
-0.004956998337425941
-0.05992567681170467
0.10462600908803758
0.07392021445343025
0.014284173619981601
0.04187658313944085
0.06532545677067704
0.07322895836895538
0.1383897037139172
0.09128164596495934
0.07726792250552333
0.11953263075633205
0.04423057546594163
0.07177928720232164
0.05034398346464154
0.10860298243782072
0.053259560327254
0.0654397242636483
0.04663726879383622
-0.03397455610862832
-0.007992756037294737
-0.10498969576973287
-0.14733167842161538
0.06930614559945585
0.07468308588931162
0.026356075528460577
-0.0702454195491089
-0.04487282590979287
-0.02521599541050507
-0.005794288335377556
0.09309974071405158
0.10123137822583539
0.18149170704407405
0.03440208729304528
0.08602725395627385
0.06503338680438657
0.09906333111714039
0.07220001693392014
0.03269041285079421
0.061602741058988934
0.03947197097019312
-0.04586341946340319
-0.02231773508310157
0.07289736343869335
-0.07065611573395486
0.08498382536325323
0.020191379017478472
0.0751277030121003
0.05552365871717902
0.07369058680002759
-0.05404954298113746
0.08368147835748996
0.03053123466347442
0.016636200510716435
-0.0745497063277367
-0.007173038876517614
0.013665290174986907
-0.03153305515874723
-0.03800639506818197
0.1615154079292131
0.09832806234645833
-0.1079137399875074
0.10559684742530269
0.18416189656654955
0.1209962309581074
0.16138333946794992
0.10992930094417223
0.18979590790541465
0.18328130670257445
0.036545448461713405
0.17317691588104764
0.15427011244815558
0.21708896954014814
0.1573795654278342
0.10477895627918998
0.14615185951074397
0.15386186460454843
0.05267304071643532
-0.049291933442468176
0.035692548039483005
1.519699695333146E-4
0.04517498663851381
-0.009968202731834444
-0.03730183678731738
0.006858798330838482
-0.006808114659732031
0.0375691119255472
-0.017701373739453057
0.008178704565713657
-0.030219695539321665
0.05512766434352908
0.10784463894306927
0.12927174341244238
0.16897368542511626
0.08075002800220334
0.019850039230759408
0.02832688582857473
0.08297003341858107
0.06309821219511287
0.07073988691012802
0.025455304972813304
0.12871044291924574
0.03735185428289931
0.20766370344914126
0.1305010559822554
-0.021262251266159094
-0.00888911839158636
0.016897948409641567
-0.023269719473037603
-0.016090658131642066
0.05259442149475236
0.04885727019420002
-0.02475334292079797
0.03594321391553175
-0.029897789893327604
-0.001296642708661255
-0.03614358528644836
0.049473096678106454
-0.07218094725112195
0.10414182533978895
0.14028887259358822
0.09869657720325255
0.203573345097776
-0.01053255186968242
0.08916642847094026
0.06415879728988477
0.0990914984583268
0.04577001231898631
-0.033818677257990426
-0.062155634158079474
-0.04412716450206319
-0.038794978123473954
-0.06188152521254706
-0.02022904073452558
0.043150365328200505
-0.026753845477698202
-0.025738296705494653
0.02376845760816037
-0.08924274550912537