0.8759414453082739
0.020673366661410758
0.07867046935877232
0.06513676755450612
0.003797167059541372
0.05463502303864298
-0.005314603865686747
0.030446159244949294
-0.020730740118170266
0.03478851169174971
-0.019999228305978393
0.006437818319869487
0.05022522793379473
-0.01724459138404237
0.024735638956253605
0.008193083017087857
0.006124318523575705
0.043721554911727384
0.0701775936141997
-0.040584790832018124
-0.0015505785803351059
0.03632462344351524
0.033392224639263224
0.028586851539482313
-0.008159091709786376
-0.025297171960400825
0.0050521820489985965
0.0641337254211749
-0.0032432454454558207
0.025633027232192213
0.07780660028650897
0.015513552454923555
0.052139006357760365
-0.017358449063091176
0.060402596246514395
-0.014616706328774523
-0.03057699084662591
-0.011121832397477221
0.0274688239750107
0.0017872593450997969
-0.05647068508689286
0.02229928482805252
0.012032946689984957
-0.0501242067255763
-0.06852734073675022
-0.02812848584742282
0.026046944684783854
-0.04011586914907771
-0.042336831953545345
-0.08417500551317571
0.07912829298584467
0.02897254564795805
-0.0349510300197862
-0.09759743378128813
0.0031097437955991307
0.010337255365353444
0.006999998381613802
-0.07381452177172192
-0.03543548114350715
0.001851311032980462
0.030253223297905692
0.01149332184239784
-0.030827735140255805
0.08758746446862753
-0.060218552482419016
-0.14162817195924693
-0.09397296685720177
-0.07277545283456684
0.04951642293868244
0.0366553321412963
-0.008365788577151475
-0.049066205605953116
-0.04603269520365069
-0.10173897632438769
-0.12174926550880259
-0.15042342623002702
-0.033393935896362505
-0.1744861486477737
-0.007939788112983305
-0.09251617795236122
-0.10497186043167855
0.032505457241426707
0.06260992253528234
0.042823612790954604
0.0567822456080327
-0.04123109116378607
0.058713215341598644
0.0762469241492532
0.06958725803573086
-0.03174841628220111
-0.07822352587990963
0.08749185764384497
-0.013312945895070738
-0.06301552064655432
0.08199741053707615
-0.018020988085599283
0.12030650058789233
-0.0018267206719156579
0.02586624218295584
0.009108056533480544
0.013330164581735837
-0.02033467921154832
-0.04229171239258118
-0.09890286597735957
-0.05677033718457623
-0.16238743088353322
-0.06508932745822865
0.026779345788456088
-0.010352086092658742
-0.18517344041281306
0.07060338424854307
0.023717132346232725
0.045504887936852395
0.004561585064492743
0.06586843264770088
-0.07133256823043327
0.0250073017449804
-0.13330381494411966
0.0627075317994332
0.03290695395735759
-0.020932563144396708
-0.030065064152023004
0.006215142468113802
-0.03868097429061903
0.11715385387612702
0.01311050805979287
0.10999212343011572
0.03476276696229174
0.09129296418580142
0.10560017129490668
0.1489238508029946
0.0727560037470914
0.08028725949131911
0.08560865752140147
0.03869729414779521
0.05537006636406815
-0.05599251447494194
-0.01770452938836124
-0.003257049872971396
0.05398287739463334
-0.0830462524390902
-0.0062146357477561006
0.05267749771206932
0.0017094483907815921
-0.0040242986104377125
0.03162580771987862
-0.08825611193348587
-0.1275043375288078
0.056484868209119556
0.039750574365135266
0.016738337649351422
0.08529143386594293
0.004108539000928977
0.19782678157428812
0.06224583858027006
0.027021033290029528
0.10040346924939053
0.13087299787768766
0.07228495404303248
0.1268262783032979
0.21450683877011817
0.12215040664998657
0.1241952606721085
0.11392453831244699
0.007475552980639864
-0.09337202009676042
-0.0025113251084008183
0.10579850574899699
-0.02558947594504848
0.002877436651302224
-0.011114030576992132
0.11926222916542625
0.007578422893922589
0.04015510844642899
-0.10200151145923968
-0.057754424577984353
0.002892044180273344
-0.030944109438194697
-0.03374589394603148
0.0025902646287764147
0.07174024978016634
0.07403702201689909
0.08413974946272006
0.06738510957047748
0.0074583542073766145
0.058976503303665155
0.09428629231766116
0.09092091407985974
0.09628225935297849
0.12571167535764247
0.12097386236834186
0.00798182028084242
-0.01595515994741189
0.06424592852058739
-0.007957005860345237
0.1279669535959259
0.02256858632123331
0.10212479444133479
0.0029299348724445423
-0.09440254870840693
-0.08024326833584147
-0.11747579119546146
0.06037654732506775
0.10576874899948628
-0.0720843317390055
0.03758921837392622
-0.09576163594521864
0.0010524800934211113
0.03139375187843585
0.16401574378854444
0.14400603119697256
0.18704097580059997
0.051213274469716574
0.07492746115439243
0.08015767458014261
0.07214199048064983
0.15497077372859544
0.1333979811889221
0.04103056980001216
0.03309015774698705
0.19539481851968019
0.10361317324922124
0.07874401765182484
0.06095895116223052
-0.06017635863411845
0.05987252098520238
0.03516768228185651
-0.04204007814390094
-0.03613267112846822
-0.10528111315177387
-0.08123382138317028
0.049735083320598755
0.0639811277453994
-0.02270685694297569
-0.08951883062597239
0.03780617426225099
0.027162596827762765
-0.016460192236666532
0.07114378520514965
0.11801802015468404
0.12441064865543087
-0.029347167102695654
0.06016266719385443
0.00482574137740697
-0.008631520180049037
0.021930413678272347
0.1394933175983284
0.1086685348503842
0.06108391534405393
-0.06932508066295952
0.00561427908659673
0.05596222262185465
-0.06833655550418881
0.040591632376860434
0.0047039902785426585
0.03089070829032569
-0.053635413103947725
0.010864896029458337
-0.09581249185967021
0.04757857860103637
-0.029946173403189676
0.002795554680605646
0.013186540182913395
-0.02762418342644776
0.0047095957485855525
0.018371720865595156
-0.01052481663854134
0.07049286267674305
0.11529938467129504
0.08496434338035148
0.03944596347530458
-0.029766039852647867
6.39400199154922E-4
0.010263119544511885
0.0623327458508751
0.04078601913270766
0.12109304585870857
0.027522243930360166
0.04849745836032151
0.12558696160005836
0.10117885653392827
-0.019865102878138276
-0.08686683302157673
-0.01627686413437397
0.09282152793612734
-0.0806574315680556
0.13302827275325677
-0.10675977023399928
0.030432893303999484
0.01361638637818724
-0.02345130652545415
0.032378847149294655
-0.024408438013625064
0.03741765989611984
-0.061707239639802014
0.10306158846648687
0.043953637529861124
1.9787070148342295E-4
0.013349870191140952
0.0059357620980390905
-0.029091267794365168
0.06921262651692443
0.08295705605738204
0.11914061248063344
0.10241868025703896
0.01750635102009079
0.04740657136368569
0.01825995886347424
0.07713775541351175
0.05549720796325017
-0.135542865250845
-0.08035793839628771
0.03577735787518474
0.10750337981305529
-0.035720224335376305
-0.015553260689345656
-0.07499985759843776
-0.03295497569194583
-0.04596053644120073
-0.05703386963895026
-0.20405495264255435
-0.05120132166482097
-0.005815528185050359
0.07570728331844279
0.1619200236881456
-6.890144485730541E-5
0.05000957485769549
-0.015158934252484638
-0.02787943310864761
0.1653120246551528
0.0442634779469863
0.04876291544369714
0.12048003268478068
-0.05470139867135971
0.06648873070266849
-0.013822242327188127
-0.06115061823960159
-0.015313451342646976
-0.10581825006342109
-0.0848087252305015
0.06423709520185063
-3.89666360657654E-4
0.037385775462451004
-0.07972504981082132
-0.04780504085225007
-0.08944279563028842
0.024237496553516376
-0.07302966517297543
-0.00787844488640902
-0.06323434156100728
0.1154231274484066
0.09914117194787762
0.1133674952676635
0.0457299167978626
-0.07032072762942523
-0.048610680701655536
0.09986148367786958
-0.01972585151663312
-0.011225315295958693
-0.014211568559819133
-0.15827555892143333
0.021844681391560088
0.031086337991754923
-0.02386684969062119
-0.04195909397244055
0.01751858314154705
-0.026447192225588043
-0.03671328549371114
-0.0024054438652856515
0.046811413166638755
-0.11530180577034323
-0.022092140874950122
-0.09784854210537686
-0.05062589386162856
-0.031778596787394926
-0.07609958434443652
-0.13937160839030308
-0.1140697547014646
0.10337834556362134
0.1440727526933535
-0.004880123860071131
0.015809985583118663
-0.15077695490973259
-0.09812075702473878
-0.036424118490605055
-0.02565827882294511
-0.06579103185410365
-0.21293855432683373
-0.07087641242766023
0.0571810284942748
0.11262695391984612
0.1479399414912264
-0.027164877444800256
-0.08896477025981703
0.09989082853603645
0.0429220600399602
-0.09229425635323177
-0.1431229529378181
-0.012489834885539734
-0.06602606603337674
-0.0917530329003315
-0.12947722652749435
-0.05599720440190707
-0.1035603625685121
-0.07928095526342623
0.05501392214046261
0.15590063145256375
0.0706585883874703
0.1464156669565864
-0.034734966703671266
-0.04663934683232249
-0.13363588211465957
-0.0604405111004392
-0.08226663027798703
-0.02336567202747025
-0.02651436561379394
-0.09737888708236732
-0.12681248754117536
0.07788132060848114
0.1007355762089491
-0.10012830560405934
-0.09437362675178478
-0.0029489625546182422
-0.07373966015898105
-0.1911715281846247
-0.07154399951082933
0.0044405961929893
-0.027918921466367916
-0.08248359491072495
-0.06171551092315037
-0.07713613773125322
-0.10039862608138238
-0.08439883952607266
0.06045241541607405
0.03623678136490259
0.1143732451471705
0.06830717022766943
-0.10561502470702838
-0.07882073635273257
-0.1341101603043015
-0.04898857600229043
-0.042583306459702486
-0.147634620683397
-0.07387010021398388
-0.019837901950495073
-0.1331529309530966
0.05009959054638801
0.1650098265103072
0.1971376035878273
-0.0503020280336965
-0.04558590616279395
-0.07677455494076019
-0.10831048671768688
0.04058570860357484
0.04958683113107969
0.019167535833307686
-0.17507979112194702
-0.12008123484118897
-0.05815112691745375
-0.0739388491883998
0.10687773111778767
0.07495602430045385
0.07958026477242194
0.10721206215996448
0.07533472224601627
0.041692095176224096
-0.17725601832873641
-0.12731201311474769
-0.08299069833313935
-0.13391305921991606
-0.09317280247265504
-0.09209047847165729
0.02900346265444975
0.08705619345163076
0.07306897998288205
0.15902722342582568
0.14179452735995268
0.042320030188421336
-0.013909870216368692
-0.08494045033268947
0.07864753595509098
-0.10624382454625549
0.09333762023176524
-0.07438114223725856
-0.008720043767720446
-0.03517611154963684
0.014399696155937926
0.04590317490556383
0.09347787669315678
0.03541846917722279
0.01746536521149195
-0.010096735739466407
0.09664040311549092
-0.16330923503192124
-0.12452291230955974
-0.006008432755598824
-0.01646481328531767
-0.0654325139743955
-0.06654412416697453
0.056722416929321534
0.09434166980123775
0.023808292345301723
0.06242515986789541
0.04511702260387696
0.061875882741185245
-0.04776377464046197
-0.05929784876451768
-0.1374043704940107
-0.07821595215118109
-0.009327119660303687
0.07979488925736622
-1.671282926356865E-4
0.06071856995175066
0.14677063090868006
0.17107527706640496
0.0803113161796448
0.10071757335314553
0.04859231262382024
0.12947787827633786
0.08794878770906567
0.16559633210182825
0.12610735665927772
-0.02026244374741113
0.020525111446168656
0.10357589111625104
0.002240142930212713
-0.03985452952353753
0.041386591630284165
0.07609225286356006
0.12878178211430097
0.02830726847216304
-0.0056120882134487555
-0.03139733316791394
0.16913583978489646
-0.02116115007692881
-0.03449493545024041
-0.06015868678330594
0.038171160411325275
0.052722010897305105
0.21717335242125205
0.1309268133243006
0.09490732486632054
0.1643608325921432
0.10836888939693302
0.10785673994163737
0.12635481234277327
-0.0030979050200334044
0.06666643644410625
0.02638086341603251
-0.09933716087443278
-0.04257424589732491
0.08316372036518738
0.03366216411614191
-0.03071468594327368
-0.019366623580505612
0.021483001945552735
0.03457161584461322
0.06712633274648461
0.05485381224328147
0.12535897011164715
0.02756549596047443
-0.10931081625568596
0.0026126887404649807
-0.023338035328800345
0.027670137498140086
0.07165698871762967
0.015829631194331815
-0.010058441447178322
0.08789477935954278
0.07133150268373407
0.06265080636572075
0.0995728951914272
-0.03141318340928754
0.057927738364276594
0.03736504205496103
0.01057137261893781
0.027442008399811143
-0.041736881793052266
0.050507211572094285
-0.043235939113071796
0.02437387612208629
0.03225227198887482
-0.018474550539837674
-0.0010833335488921706
0.08298360766208877
0.03515511441179485
0.08842243559843463
0.053816407178212795
-0.024508293326665348
-0.023945170787530317
-0.005968130033529502
-0.007474234309215638
0.0887051181030486
0.03216211364682808
0.049575212648874614
0.043524923596128126
0.0947777590047813
0.06612137767629628
0.10089985896636658
0.11633640070263358
0.06831326873980988
0.06378506002254936
-0.03243693580546436
-0.03941245975849333
-0.05926685696497622
-0.020718485245369497
0.07914698370694064
0.1379917736653629
0.0314367526840216
0.01938802650281737
0.08906308594877899
-3.906573476725585E-4
0.09981787972124402
0.06329742819273282
0.05962089188736203
-0.1007595714088654
0.027642527626966593
0.027720071502952227
-0.008733116865295083
0.09531475936120669
-0.017510541135833637
0.026275954513970204
0.0385278046822055
0.004961773655339054
0.11225357335866774
0.10209166693655576
0.005913515024730155
0.036944197084755936
0.07848912462772092
0.11550555576644093
0.118635910180514
-0.03713110591130573
-0.005913558145319846
0.09897952017266598
0.03354356746530989
0.06662080864743897
0.08663090156264051
0.005564400349441271
0.06268622366546145
-0.016934620190842645
0.16737947044028742
0.08326507662459212
-0.08676817562866701
-0.02453108323734882
0.0608653980427837
-0.07144984205206659
0.02564896657387849
-0.019334188431185638
0.035144872111540944
0.12459721819172666
-0.02294905945423037
0.04761363186902934
-0.037856282095189875
0.05121664590129315
0.08357594743843191
0.06778152400843435
0.12582113817195076
0.024344984143071333
0.020853909261824358
0.12370454369904196
-0.042911195718784455
0.06141949982424685
-0.034643012149583645
0.05091272944692045
0.035941748659700255
0.03894666922102972
0.09081739483143375
-0.032216887463294486
0.08567672923656214
-0.07279941358691344
-0.023820769287234644
-0.04027533016641377
-0.06527134811354174
0.006527550558920501
-0.06569869608844804
0.0330696132343821
0.057764835476616865
-0.13813911325615597
-0.16518809927347525
-0.10247035079294523
-0.061332976664583844
-0.017551858593468066
0.04268209539737137
0.05257544773488207
-0.07576657622815004
-0.022105348023633915
-0.029683916142717186
0.04730062348303863
0.06999435449046083
-0.09011431325403423
0.03669017294377902
-0.05081151062449842
-0.12665616143014327
-0.039368538918660816
-0.0908819458270563
0.07830471909958003
0.1516107074368043
-0.1498769859318397
0.02616587335892101
-0.00765605970500407
0.043976523295743176
-0.015098603734868515
-0.0603694914224952
0.03953675372461836
0.017723063249778577
-0.1378391960830158
-0.1385569384360347
-0.034679791367288104
-0.10849812036359058
-0.12526310919946942
-0.11180975924563592
-0.03696341246050116
-0.04398280843489542
-0.09807584941882784
-0.08272021201492415
-0.1341832597374811
-0.08010363032303054
-0.1406766131458641
-0.06975062984590026
-0.023535728932066496
0.002652266874576331
0.07101408193698963
-0.061677290832099246
-0.023088197566979655
-0.09188458677110663
0.003277672115193409
-0.03014687868089344
0.02249297360150112
0.00678199582799131
0.10331298284872993
-0.0635760998444057
-0.03239240697287552
-0.03235003411015828
-0.005056286347891077
-0.04879945256010432
-0.14302603698416774
-0.12420474867196973
-0.12664175300583044
-0.10566478308631146
-0.16237307278499688
-0.19305624188503562
-0.08606569697196331
-0.05326368261345362
-0.0744494994856105
-0.07851888108718212
-0.12112031717748029
-0.06302967828189815
-0.09131079301751434
-0.11351182315204934
-0.1051690536939844
-0.09335991829491977
0.014415199278866156
-0.07033237699773162
-0.04717369899347541
-0.006221725440554254
-0.02955088911026904
0.01890485768521714
5.905034371014696E-4
-0.04534232040171764
-0.009269168383403073
-0.06339267135508136
0.03160546866440825
-0.022877252422443064
0.0739745789701177
-0.0823169236434115
-0.0331583613659377
-0.040919102809632624
-0.012786601922762963
0.05487916338869865
-0.050077862535613846
-0.03870206184685479
0.15942042515457983
-0.05001718609369242
-0.11357865254132463
-0.047813979614722654
-0.04383377307773433
-0.03591489068674103
0.019246585637032573
8.978440593969962E-4
-0.014458538258241024
-0.003986749577096386
-0.01514533212080433
0.09341973178043769
0.08429639450211991
-0.028932744790341053