0.5412089152311724
-0.06133267370702958
0.016791804108178793
0.004798429270569438
0.03444604224445422
-0.02546446184714114
-0.02499225360436808
0.03901668963985437
-0.03013578969864377
-0.014704405831082304
9.706478625297003E-4
0.017283867385141784
-0.0536866497455937
-0.0066780010863499726
-0.031133555178620913
0.007470118397228567
1.3943537415173066E-4
-0.029015724579033904
0.0015430230451184978
-0.055123383151033094
-0.10610214538581123
0.040144096308881154
0.016162626601669245
-0.007823350497395937
-0.0022691278777250542
-0.013672095962016349
0.025519996892014247
-0.005024766009645264
0.03945936864552314
0.04463713196887993
-0.018741497679196892
-0.013612291080452938
-0.01848381145847884
-0.009967841234270896
-0.04619619663722315
0.007863998802475685
0.020906477267685988
-0.036648632474963506
0.11845682520218696
0.1735704104673935
-0.025148923446235916
0.049556863904418096
0.09676756263427497
0.0897302196058716
-0.023152205998135313
0.012911126184216302
0.03781945211586071
0.036327259751955866
0.05752201028752137
0.03166088334459308
0.06889115632758609
0.0056338770776467855
8.248517062613877E-4
0.06517360198111874
-0.014384228877556846
-0.10020731048336032
-0.0018128022169950034
0.02153225290464028
-0.01805533721425551
0.026080769455778727
-0.04488982833856705
0.002179427939453883
-0.029617874193686354
0.0013772274491169524
0.09362376183416701
0.008278742723028507
0.1533660420475779
0.10275172741056177
0.09446579580824635
0.07690086286577633
0.06103244184541775
0.06907478136559868
0.08464974966671783
0.1937829112145564
0.13481958675300543
0.015558841961288684
0.14792869490403235
0.16972707557585076
0.07068203857467753
0.07568456491705389
0.11959973205327776
0.0505751970837764
-0.05402720733131185
0.034674271710241504
0.0059616686593232954
-0.016603786335672
0.047554448700291664
0.07634146813017383
-0.02822512173892896
0.0324638740055561
-0.019901173588837397
0.03983556633897222
0.07539438861745824
0.04370335266545497
0.09261041480623879
0.12790973423541852
0.04360715623385098
0.13967706375753938
0.15256371581481384
0.02055340996755394
0.04162430369673102
0.031472655528898635
0.08341648119489622
0.10214610354395558
0.060359214422560724
0.06497353727490657
0.02322032672554417
0.0870592527446817
0.09873629866986358
0.1234734723155124
0.02088630834891532
0.005994038956220485
0.033520675480199956
0.03526894763773452
-0.04188261727695753
-0.0541997344725958
-0.0032742082362803033
-0.23176956278810665
-0.022573404653175158
0.19697735861731694
0.10907901496066005
-0.02910651971173528
0.13816517566729536
0.20061289461061235
0.04447952863227982
0.043845363908657994
0.03289664017290737
0.05934747827391351
0.015115924547439647
0.053269598840353684
0.10818904833682005
0.0030816598955160823
0.11458556985039679
0.15050183709012632
0.006259318075426144
0.06562745280741163
-0.065980392052132
0.007853688341562429
0.0977846927829826
0.0478252205178085
0.09113184659940704
0.004190273734390781
-0.051496909534108695
-0.04338766293345588
0.0574765220413396
-0.13132621685905826
-0.16277779449410884
-0.12126935047756889
0.028228402541386
0.009920785649147692
-0.024064329492492487
0.01742328449003976
-0.06364854098713901
0.02637890573253716
-0.036459740329541974
0.006457587552487002
0.13357879909945192
0.10213575445976117
0.1003870178648965
-0.010350472133768487
0.0802145168714436
-0.052659057164767625
-0.05994262821855854
-0.01899221686675468
-0.09386590238186218
-0.06661119997731184
0.04010895893393532
-0.06921147869080939
-0.05183633006968265
-0.014109547352001232
-0.003592965539046837
0.06128336205892212
-0.006289267735801422
-0.07467880238194641
-0.12528817177598164
0.06317674244106039
-0.14416609251952273
-0.10078197917984485
-0.03793863525123072
-0.045908552265280206
-0.06638302450113037
0.03294071214221096
0.023797541277038918
0.008266623543841067
0.020384223326263846
0.03934400296146871
-0.026164831245187994
-0.003918061341447247
-0.027204247584151863
-0.03308146478212618
-0.0650146412083444
-0.06927442923039527
-0.07744744246951048
-0.03372410979631525
-0.03429095703740555
-0.07745538140485025
0.04020754385677199
0.044100438041581064
0.0338057266117652
0.006223087746783956
-0.011008779726516888
-0.19517479821869568
0.011914796770107972
0.12625145162129248
-0.04914511182145804
-0.10902514789163138
-0.06554220115037174
-0.02809778994438298
-0.09587804736761982
-0.029554747820179975
0.027860498578260243
0.060698515069406433
0.006361212348517996
-0.03973389066094749
-0.013068598259765852
-0.07694519249036767
-0.0751135138330316
-0.03790546938289349
-0.05916689317858792
-0.0573498861928633
-0.047306315132817287
-0.10136361184010145
-0.16597129764206028
-0.14276363149501153
-0.028451766271602365
-0.03378083298447371
0.052403279118832344
0.046025517514587264
-0.04821942583550701
0.008552396493093821
-0.0226642497655589
-0.017900413954320318
-0.08168085195969604
-0.11913197505434331
-0.04100224004493112
0.042686032467213066
-0.09459235580003533
-0.03921575105473996
0.06746167966470831
-0.002954917654568859
0.003213065032852162
-0.010985504561835438
-0.03402278290099027
-0.10133801094221023
-0.06746838728473598
-0.14548823763639762
-0.14930512943634433
-0.035505852887196314
-0.062010136095411755
-0.08633219840224077
-0.023539896710012928
-0.04343384562134405
0.09830654306374681
0.02783548556528192
0.0915158292848733
0.05103493828487635
-0.049368939263497974
-0.03067468980791241
-0.06652347499120874
0.02983354245937088
-0.07553471759614352
-0.04085004695041371
-0.08692255222889268
-0.010303211281482818
-0.10504824538608713
-0.04134951356952579
0.01545736110196986
0.08641408222734198
0.01354419476716529
0.045533523448400476
-0.04023018926055365
-0.04908734135686013
-0.05325471906445352
-0.03218259817141773
-0.17298272335084725
-0.15138668463616897
-0.04343999606536897
-0.17253359025312345
-0.042135019946112844
-0.14408870184189174
-0.014575759638058591
-0.03877704213033216
-0.04105988080536649
-0.040920461493590805
-0.0276482241929436
-0.12260698298938982
-0.04115831150777135
-0.1163353565665535
-0.029113883823041774
-0.015163143932332845
-0.18490920567637611
-0.013826391773733869
-0.04525677946113053
-0.05335796473915042
0.03741257980220711
0.14982299908891003
0.12505246351411126
2.0832979575824016E-4
-0.020375614708514195
-0.04481742860089505
-0.10082306272486384
0.008459321769309209
-0.10144408923229738
-0.15922678176613683
-0.06726367955981594
-0.08913503769759729
-0.05644103114185135
9.962242910865496E-4
-0.08254704247457902
0.01743684052132642
-0.003119373225953664
-0.15714379382386848
-0.03143682943679162
-0.0013782056524150274
-0.055754822301881383
-0.025475200177095016
-0.03542138123674147
-0.1364763398902751
-0.05526464526630853
0.029265309894447433
-0.09956938307083102
0.01989652785603701
-0.08881611382543761
0.02177942793662291
0.03323908360101724
-0.014636831361197662
0.02229411437988294
-0.029209894530831202
-0.08418325830381776
-0.0656825435824665
-0.05878125106760841
0.013114591513442147
-0.16824199343773494
-0.009527342652670655
-0.14987783083370035
0.05114396287055841
-0.007160162445646918
-0.04356011891503766
-0.0409284891099698
0.01804907832019518
-0.014121721763720523
0.06810125093153893
-0.09011179265326054
-0.14957587644970172
-0.10984409892499832
-0.08734495684121
-0.041968161769827546
-0.04069165826774921
-0.04021610730950001
-0.11883855981527935
-0.1161943989455986
0.05737676927783561
0.02223187374788444
0.030262591938665043
-0.11715873037386655
0.058280144445858176
0.012547883582068075
-0.040250973851895626
-0.019366223825698047
-0.15285389698576637
-0.04610759417784551
-5.455465012688921E-4
0.02107116136493936
0.10395776861608184
-0.09941209308754878
-0.018065795560539367
-0.004235200737445792
-0.11439661299256881
-0.020382402056166284
-0.04443981697678008
0.01968089877086593
-0.07114094097272686
0.012633497360359985
-0.10136742974763242
-0.008189095727471278
-0.07456378064448557
-0.09545846150643432
-0.030620352261811142
-0.05584555751268385
0.07357705313543132
-0.017653165743249922
0.04963578055889319
-0.04517096798807031
-0.055609761031565105
0.0338540282346414
-0.02612021413789641
-0.0754474960223159
0.009909825322097561
0.019850407752606592
0.21123847351328903
0.12406109215848843
0.07853190816775026
-0.02169942837261241
0.012897582327803803
-0.04397960650604291
0.03339220251644608
-0.11018256151185103
-0.19111180908154912
-0.06280864368213121
-0.06671203129086259
0.008072596754594399
-0.013605848272224587
-0.0042006158799494705
-0.0587489988374559
-0.05361242830100896
-0.051200356587942364
0.024435827737065752
0.07695804359404747
0.08098838168169535
0.04252791768226778
-0.05936482207726358
-0.02243800622432684
0.08170784328323734
-0.012412778666838136
0.026348753362894377
-0.012961238517659143
-0.050662516528512266
-0.020380983515366158
0.08833649178065528
0.14852885355308065
0.004576471859392286
0.019244904815744306
0.01373782816995546
0.02928725254789935
-0.04510307992283846
-0.07433179883254817
-0.03052860832216228
0.012633302235876834
0.010391537455203626
-0.07605788919166835
-0.040121022393269104
0.03365709740149792
-0.010544140911385207
-0.027485651476563157
0.11194161106511644
0.10516767291857197
0.08480435559551643
0.07172376309202347
0.08665447006899146
-0.0504731852775372
0.01282348231515858
-0.04009478994385894
0.03496660192194027
-0.12424918498162923
-0.023954585644516444
0.11744764653077985
0.007544935009933112
0.15778405549665828
0.1631565744247869
-0.04244889775543786
-0.09772418609943988
-0.17577193208173084
-0.04791977270291459
-0.05665565745189414
8.226620153584296E-4
0.024933191185151846
0.06847292642310777
0.059717630428577625
0.0519109395235064
-0.008003829665284207
0.07431473866823918
0.11109167795847381
0.05436986994159144
0.06027110422406112
0.06679327720042451
-0.03595988719455501
-0.05097608387881401
0.007334807072561184
-0.02296407986463286
-0.06915093070461867
0.05666189862317108
0.06258156695060936
-0.024624563943245897
0.16986678302728206
0.16285068395496424
0.06733054087538791
0.12289721785238081
0.0026577211908722005
-0.025605472748245435
-0.10787756993569192
-0.015417739732852057
-0.10607971786809119
0.015882237880548745
0.05002314200798727
0.05368913206031781
0.06274245257035438
0.0654731126394429
0.02696285560085855
0.16560711376109757
0.07083581368168229
0.06673878383101747
0.13764406359570802
0.19189228642659495
0.024799217676475777
-0.028724532665233997
-0.05440594811875154
0.024643749678544154
0.13942729697239864
9.61068510464698E-4
0.10395272040913076
0.07873074340648428
0.14312041638742404
0.18552454915583586
0.09731292830182643
0.21378629844000646
0.048102805957595245
-0.07410290063000687
-0.06308828333963441
-0.12513661383389643
0.00483276275626962
0.07392031782842863
-0.003125952522735288
0.06775154236127247
0.1004273748439978
0.06719128750324732
0.1425690865992184
0.13828861092829609
0.06051970564033252
-8.470577021994566E-4
0.06459688915374426
-0.03583510016998051
0.05551442675073237
0.052081895549085655
0.018888686669475758
0.03910059162816305
0.06986831884885211
0.12341425824922063
0.05629563419615004
0.14798070184311202
0.032906751953514515
0.19446355561398757
0.07859216854302835
-0.06157283987409994
0.0265333231406401
-0.0987505335376851
-0.004242988532659883
-0.05726473755443134
0.004697475530986468
-0.09758251411713076
-0.005008401050161234
-0.007723936805605876
0.09744439426528201
0.09575417780028121
0.09923703250724286
0.0339116636374501
0.1179849834537364
0.1529521256647606
-0.011451209125113035
0.0755372330163131
0.07905724751795673
-0.0976222930605544
0.009326479517873425
0.08992461267137145
-0.021576146442020893
0.06283780433582768
0.1284725345347447
0.1464158429856661
0.12073092829978498
0.07894622892030297
0.020856103547923277
-0.06722083500803547
-0.02880636377234709
0.006250613658340233
0.035747598967287054
-0.11236513184323008
0.042825682636511056
-0.08681156694028426
0.06650215141466155
0.033719623487397384
0.03629995468027469
0.03575086935907813
0.15064025585634008
0.14608210412488243
0.09209902092864243
-0.005355279639154432
0.16010957511524
0.16807741574102125
0.059527839249697644
0.023428292655994845
0.0347192963692132
0.06631591881653516
0.09504599758794724
0.060826720782771175
0.020787714602916795
0.09625773632997527
0.051857897621294474
0.05213367492950029
-0.09553442871213307
0.00808286490306039
0.048747508402592614
0.052699493963875445
5.270847208608458E-5
0.006812632399792094
0.06981398471120993
0.018857549412734115
-0.09227056431530414
-0.07128498492780559
-0.07751029101465177
-0.03472913210599961
0.15802296689979808
0.07181721883456603
0.09773625523862235
0.0654108859824645
0.05363990311819504
0.03560830704163471
-0.031521547547793426
-0.07326016626646652
0.00553281801096806
-0.06439116206213634
-0.03727946881216208
-0.051741664641629326
0.11841825385174862
0.15504042434065018
0.0394991771178476
0.14406732992772617
0.03189458864875009
-0.025476628741859204
0.026623057335541052
0.032300719772388464
0.1819431563159042
0.014237577021131638
0.16211581055244237
0.03309511405552118
-0.03310375740254742
0.01150654651425184
-0.01212937187342682
-0.20550499204615405
-0.05016129825045298
-0.047402391489311316
0.006483688236178487
-0.15865809821326254
-0.10425589641750316
-0.03414113571392978
-0.05763342542343708
-0.006064584975047894
0.09725964388402099
-0.04199071674359894
-0.020948101530645913
0.11149643716568973
0.10377381528247716
0.06818670871646465
0.05956443402077705
0.06488926797621977
-0.010080020801522347
0.008653141884228955
1.0933771824382005E-4
1.7791753634488543E-4
-0.056284013569696485
-0.04967722601128114
0.17752072957590503
0.10159418727903077
0.031443245602219845
-0.02995957461220395
-0.08594235394344385
-0.13553008061670635
-0.08855311884017518
-0.10509025158881034
-0.07460802693247068
-0.010997590207430848
-0.11375426546190218
-0.054483821403748973
-0.07001760790805497
-0.10930169283176035
-0.07927643795032091
-0.0776285116604597
-0.004007490983063011
-0.03499895405953411
0.15967515273485908
0.09669495789995508
-0.08609358438527533
-0.07917884837638627
-0.04654958295540342
0.0055490790631534444
0.06869742206444526
-0.015172880725083673
0.011693490042709158
0.12666829371677962
-0.1452790464642906
0.02120189640797518
-0.07150058812789772
-0.22717182807942282
-0.13033261643970126
-0.13492538486915312
-0.07100833170894075
-0.07354906715560444
-0.08998217125038803
-0.018648225749373464
-0.057612380527516265
-0.09209813384775711
0.0011485249886408447
-0.1685535676892712
0.02822548141224302
-0.14601484145529894
-0.08145959313434864
-0.08986070782492339
0.0780921258328691
0.11910576388142026
0.0034223637148521812
-0.0036034902323085556
0.06831171131209542
0.059182340418923944
-0.11889528530223394
-0.11836967835818517
0.11006199159437442
-0.027561682838469943
-0.1011489789503785
0.014730249603398428
-0.08447287045113536
-0.13334470247916938
-0.08684033136030649
-0.053776756579886766
-0.09070677018048215
-0.024593070709882994
-0.08127248743990508
-0.14032683185633443
0.0321514837212007
-0.0852780885320086
-0.058480264465200264
-0.11580390725493371
-0.08635055766940011
0.025481933506115714
-0.04415315538770123
-0.03851806028222699
-3.9684404105903067E-4
0.13859560841945798
-0.15390819221987817
-0.0070828029918137605
-0.018603891074373196
-0.047392173666052154
0.007616155205279693
0.013263987184392109
-0.0017131946409098256
-0.004756579524335608
0.1217912857958762
-0.013982444696490215
0.08438642770040074
-0.03912151602703021
-0.045072568938707945
-0.027696845927048044
-0.04302849725254116
-0.05258751294301276
-0.08184388470480691
-0.00775490979587009
0.011126349576706813
0.025014468969821322
-0.03590501087347953
0.002803327432852582
-0.07631061382986463
-0.1286913153358006
-0.1008484051747544
-0.07351438932446232
-0.0038989760176592124
0.02854155547699829
-0.05227433479288596
0.06704269129392358
0.05523974706428202
-0.013334661658882627
0.05475166683447413
0.06374770123386526
-0.004261361172257937
-0.11155754094621033
0.054003773800905736
-0.056130196740815576
-0.05306647099697249
0.05336224705975272
-0.05482226114846925
-0.011175611111361743
-0.08622262502443444
-0.10288689459501912
-0.044459240094749455
-0.10557855775152523
0.055794287806659036
-0.0018232717065429116
0.003469100809009765
-0.09225920300922798
-0.027551202557700702
-0.01584862192388917
-0.07185882967210369
0.07378483666184954
0.0272706084694968
0.07419959801976155
0.044220171769211496
-0.00470296443942667
-0.033645345176538256
-0.03233632790341923