0.4686672017883158
0.021155135475423116
-0.051174707165568996
0.06868663895002172
-0.025590149161658533
0.08750275151265617
-5.004901965993951E-4
-0.00731801940750989
-0.02892306376343456
0.05269880914154517
-0.06087873163258727
0.06661988870251803
-0.009704342143872407
0.059948375064644864
-0.02854716042685132
0.04213312730953405
0.05269969428127771
-0.043356477187983404
-0.00926218241761081
0.11889582064830793
-0.036828122204556
-0.009989077951702195
0.008073227712840433
-0.06537287756828081
-0.04716889418781741
-0.012437605535412151
-0.060816747297253226
-0.06130804858693436
0.04991409217116868
0.025623797743191363
-0.05477131731255114
-0.05158730239934241
0.004772508118177575
-0.03619920842299733
-0.02809082714913852
0.035540372795443094
-0.016619821685742286
0.08384788349703168
0.05858433582928796
0.20385622103472842
-0.03454336505910644
0.033592619586557175
0.05998534270526067
0.015040681730024671
-0.12361468454908345
0.08051789779102998
-0.023249909017892926
-0.04424538751474202
0.1475977117664788
-0.005041775596138982
-0.024211891298707627
0.03176543692296621
0.044494035888318115
-0.018130507050682972
8.543592732988245E-4
0.03410620292666842
0.046200082339981206
0.08901291410527909
0.06109023619725879
0.00565505424985179
-0.06925400660134651
0.06550983974720041
-0.022159908921134
-0.07405453636829552
0.0010645331171539756
0.05775453224385562
0.015945023653927647
0.10376555857093862
0.14076097837500612
-0.0036034777756240683
0.015037613221424245
0.015818294805542258
0.028827816398327363
-0.09443567106353117
-0.018267085582188546
-0.06963297615610306
-0.14997861873783214
-0.10103353667601085
-0.14217625178589255
-0.021844147203994906
-0.03585332382789559
0.03478185094711382
0.0075063091786578
-0.07546473652503499
0.06895103767902559
0.06361396543553784
0.10394791464735546
-0.06638313343183633
0.02078012450611727
0.021955649698785766
-0.07573273588449146
0.13025115651129598
0.13162800270200634
0.09901429922032232
0.09901292718501291
0.15597162149868246
0.06332578171810439
0.14611947525327576
0.18722631701910855
0.08582629618862758
0.09893717944203696
0.07068747680055093
0.06438449641958956
0.009050800820483679
-0.06387641496002784
0.08442641249335751
0.06265012487899574
0.06583671798390474
-0.09668706440840043
0.08530638478628758
0.08664256321220346
0.018148357450026253
0.0331160388131607
-0.05624126374622018
-8.666465826292718E-4
0.04941716322981846
0.01071858023749456
-0.10132206602990854
-0.08305851128569873
0.09141282119054649
0.047685087881166294
0.03758608680784868
0.05344381579378448
0.09873571994476783
0.12589942836164444
0.07458822190786979
0.08278095739232988
0.14715433701440758
-0.014110872700043664
0.0728841466626318
0.051799466378927864
0.03578334773690542
0.10051364876184034
-0.12691086279794045
-0.15004675018963506
-0.0780355334144254
-0.1601461373432496
-0.08739974165286658
0.026350704325328465
0.025901564581290466
0.04480396794692915
-0.004549839516234255
-0.030012534686553394
-0.015652016609537387
0.004481081931075554
-0.08834776628834334
0.013451803826413963
-0.023598841951135204
0.06485628453076021
0.06174544744808614
0.0961894793830722
0.20714798308135068
0.1641080377867413
0.11693614928537839
0.09303794006892978
0.09134860664388203
0.004304680466790724
0.039067468639976025
0.10024589532663979
0.06260746370346419
-0.02103988843202972
-0.13538594109280816
0.04326723794531354
-0.1151110879761397
-0.14462883687858
-0.21670685761821615
-0.010091123833196016
-0.04976597829530307
-0.10206685757985431
0.10606640798222372
-8.1483397636145E-4
0.03749251612700135
0.133350302619113
0.030367460810994076
0.0027924279543710168
0.09204587504799552
-0.005049834172295566
0.056474121821056884
0.09059189770709793
0.13125450313120066
0.17359982922821202
0.13289961749581972
0.12379794436619947
0.06913865228882826
0.12478255468258269
0.05323408646671135
0.07246550255196339
0.08561428675053959
0.07825958539251682
0.002064792061261609
0.0029749324440140803
-0.055016097850529445
-0.14406217904573976
-0.05798264719858342
-0.0764854662802216
0.044397999446442196
0.018880721481693393
-0.019753672988225415
-0.05597960459878519
-0.08286683237439862
0.05790278464613279
-0.10454912832539849
0.1223035785345303
0.03871863986865461
0.080707331271307
0.003766043984154776
0.0022747158416639066
0.028264064081100524
0.1713393109825922
0.14038324497732038
0.17333944604728138
0.15318701929715692
0.01974947605741582
0.09832687961449747
0.10284977473529391
0.056674587056459794
0.13795220406005196
0.006932550072901513
-0.019402627325462315
0.028596387585147737
-0.10466154066932241
-0.007269043567891335
-0.127433022884521
0.029078754139850848
-0.025951695115862764
-0.04678474040486963
-0.03468150978472897
-0.09131053419182203
0.1289185198257707
-0.03916831593190753
-0.03483130015305562
0.009050918891279316
-0.04011969546695586
-0.07982650923102169
0.016508872969868797
0.06420068909263277
0.017000237700887946
-0.07260743299472895
-0.02138729585765342
0.022313405605485424
0.15007463984490998
0.006483322862793558
0.05588652661281931
0.05882909205709
0.05953480974926808
-0.014240433699741345
0.09705070199357853
0.013587457181177232
0.044717158364100076
-0.10608280886597192
-0.017159299513581843
-0.029983956115881165
-0.06290293758220206
0.05742258482446983
-0.04075852867168852
-0.08947525830777654
-0.007680486359891318
-0.12868424546458102
0.10297646157712008
0.14312293370623902
-0.0900092460450128
-0.10853802657750253
-0.006092648188277872
-0.12789083648087288
-0.04164968297054728
-0.029248358507134257
0.01466146380991286
-0.04552424482294952
0.028194430711695976
0.10594901031450163
0.11825798375503442
0.05753012674804643
0.07680033845509941
-0.004025834717924604
-0.04118646718354148
-0.009307484341505122
0.09992178888903144
-0.13730430983778252
-0.12779251091041632
-0.02776757511726217
0.057146590493486506
0.06870130112249169
0.02208167887353852
-0.09896527580918801
-0.06882882914881523
-0.1258959262714143
0.019888919947601207
-0.025182386892897653
-0.07219728842400634
-0.06478994300057657
-0.10913011437107312
-0.06747625572718685
-0.07294369740282863
-0.06883304541764462
-0.09337739383036393
0.04034359228271798
0.016039030753174133
-0.028777829504383685
0.02086410391161381
0.0638661917758537
0.02872970778575923
0.0252125830618371
0.0539987612991345
0.07223401200796063
0.030218628963619185
-0.02026331804144213
-0.04249605353632389
-0.022279628240153237
0.08460365104919512
0.05697815546125117
-0.09357797065905424
-0.07152414814794321
0.13330914454452306
-0.05037261367081372
-0.06584717215556195
-0.046362691458035565
-0.04953672863704041
-0.13618310002851927
-0.08238334952012304
-0.07363406142513061
-0.16885558507075424
-0.12609614202754513
-0.032314127075656354
-0.03542460058443421
-0.0106032163360089
0.026266857512362483
-0.06379074707856844
-0.05134061113984756
-0.049052553907381856
0.12064393454883678
0.11144208669028483
0.11571991170318399
0.0707012968532185
-7.875575239118064E-4
-0.08064884581948178
0.0016157397234510772
0.023396911640088405
-0.014984530909749503
-0.08272564142527643
0.018848581673355725
0.03214452554377546
-0.09078948682408779
-0.0014630912014444836
-0.13625889004405775
-0.08460505748980698
-0.09493482872187
-0.06645640670207667
0.008921945505518327
-0.17501688149356018
-0.0760078474846485
-0.10903379898424624
0.05098075067185423
-0.01969177581623791
-0.018040977379595462
-0.04087176978341434
-0.06054554125636144
-0.006755142965173657
0.1329459448202553
0.08939484200296406
0.09262868410294131
0.10102311408287083
0.06646749016469175
0.16231510741636668
0.02681766679863499
-0.0939302479451804
0.03613297856061553
-0.016561598158165332
0.1139615215121989
-0.019594733100804316
-0.08056655497160949
-0.04585220016817429
-0.059075276422399625
-0.05055915367334526
-0.0685527058078421
-0.04668399071405363
-0.01302565418434047
-0.07774403916399762
-0.04588464424693743
-0.09392354141017097
-0.04287427544393385
-0.0990696455890834
-0.13011840357145876
-0.15381568953450261
-0.06450684187891573
0.04782267078971109
0.13905617155706373
0.1089415307251361
0.1297949875809769
0.05958078445006863
0.07653312212603712
0.10173546657278748
0.12110576649402213
-0.08444119304723563
-0.1558531687519018
0.07875335962376381
-0.08679570058999139
-0.09274817495758919
-0.039536319876760685
0.013617687594404626
-0.024733832899802768
0.001403829039188108
0.043691858909948526
-0.04737484957644769
0.012299165668593686
0.008811177729414265
-0.0465655884312368
-0.03446860413076739
-0.04952577978693237
-0.061619194227853794
-0.05282774043742585
-0.04388071592152647
-0.08838839578236422
0.1059033410816158
-0.019387841834836647
0.02572717304470551
0.09954376326947695
0.06214539437925604
0.0916040876527329
0.187239003023997
0.05714420917413818
-0.03316256580125794
-0.05627611713391149
-0.03402128300934545
0.004936206920460406
-0.18731884420228426
-0.11167493134971923
-0.0075174356166137525
0.03410668548777067
0.030882748453139732
0.051241068259133375
-0.03013221466097641
0.053048666358262477
0.01826808704815856
-0.08351735415605284
-0.10581022680542128
-0.0819645517825789
-0.12245112277079032
-0.15280829903872073
-0.04784648488148592
0.002876057433708187
-0.021403807770459055
0.05510329070216425
0.07261526337512052
-0.0012784099860409842
0.07315917953219526
-0.03477090691761399
0.08834675667745369
0.18217170219489556
0.19667530511034975
0.012339101491574833
-0.07390523826490648
0.12154724623809984
-0.1823644416457389
0.031363531987334214
0.19713671319653348
0.07150782854395057
0.051029250586897515
0.054255395385825626
-0.03054285054527355
-0.029784773577865326
-0.1424547996242316
-0.013053659575033454
-0.05238559787644327
-0.09709818983745325
-0.07197333288805025
-0.01719423462243672
-0.0179476850760268
0.0229321993544531
0.08610972156366849
0.09362346815494196
0.11858196634639141
0.10051118066849878
0.0866661699099772
0.028884142124819805
0.1766639976106669
0.0721285579195702
0.1551273488721483
0.07496211510143216
-0.013869868220415615
0.050130881838779354
0.04374053809836157
0.0827689786950565
0.1477345899067262
0.0506740084050112
0.02454054179996787
-0.0026752922354972494
0.1541137180419024
0.007630827765227718
0.18512215490191294
-0.011185901457186224
-0.040503705566870635
-0.12144872998504191
-0.10164649662199902
-0.053125361621510686
0.07579857242054433
0.13155085751596843
0.10084295021459447
0.14090256760741746
0.10325883626789109
0.05415518774059037
0.1523827385165344
0.10702776166745816
0.1133648002928387
0.09004352109456662
0.2028894929790987
0.05431143460987401
-0.02567658808710294
0.04747634589461111
-0.003337549718726811
0.1322165391960827
0.10050152827699373
0.11371094902821705
0.12207484207154773
0.125918715899205
-0.030329975023548353
0.027325518242529944
-0.04371441223496518
0.02122602990069071
0.03821134783234831
0.028684302341858196
0.005843100513314533
-0.010597905177695516
0.16343263416213916
0.14167012382393024
0.06178830518726148
0.11039244393646706
0.16913572899299317
0.14259591504268024
0.13496158490648588
0.03546438050080567
0.0759281829810874
0.07169907973895326
0.02769353333477749
-0.006239711196278044
0.006234281675509769
0.09079415643118609
0.023325530122787465
0.04933932781577796
0.14636636035616907
-0.0016249264425639543
0.15326374811186613
0.09510943625301266
0.0585253583673286
0.1367807166692631
0.09095064070838865
0.057972425292792444
0.02611264773056241
0.03393656777297721
0.029697898783058004
-0.03202313529962845
-0.015414927835011147
0.1783630864777181
0.019940101039214196
0.056237867280327675
0.06267769732535028
0.08491037385746075
0.1539628468496239
0.10716613164379811
0.03442164753871129
0.0066959004932281956
-0.019960358384650014
0.02709499881985091
0.016998556338240177
-0.0359680334413041
0.11803086259031628
0.1356476624477997
0.2351733579770659
0.21558581588001496
0.15449766376378607
0.001245461844503202
0.12311850705159168
0.11303733054230049
0.08998955917813263
0.11451583996588238
0.09093765708204438
0.03203213774270024
-0.0027723104923676667
0.13755858655178285
0.07712007139338188
-0.021549177604416197
0.15123582747517078
0.038641406747103604
0.06906359676732242
0.16015039891774208
0.05888758886431217
0.032897982709727304
0.08722893903469438
-0.08715795681926436
0.0022490225130998164
-0.08834567746818826
0.08938900113511072
0.11205782820330708
0.11989843739013846
0.04028463410670065
0.03521805591268059
0.12133020413907335
0.0625648122112233
0.17144516768248877
0.005254385629900008
0.15224669430889864
0.028039765399482178
0.04327375364949414
0.0406034251659194
0.024581963025636165
0.03471776693097704
0.12546943539647673
0.07482175957313517
-0.043277105195658375
0.017688526829689213
0.10138231941277098
0.04922974758352321
0.01880366091257242
0.11058565752537841
0.049627792347516464
0.15001869296444068
-0.0525122574904655
0.011671320693612623
-0.036572621861774735
-0.06452324108187603
0.14619496725894426
0.09561787554754751
0.10962643606761178
0.07821023126127166
-0.019011188811431136
0.0328517398660136
0.039172202776464
0.18277218748509336
0.16231113387991733
0.020877713116209208
0.08943970679631644
0.022063986194863314
-0.050858553609682805
0.0466900576197877
-0.0019425392461574391
0.06085363725082883
0.12136262260579493
0.11583802175808722
0.1328077307685976
0.11190631866468612
0.07489211924348417
0.07758651513507216
0.07661630811875478
0.08770475413337811
-0.017789227028758216
-0.04630290983085924
0.017024848112616835
0.016463821514121214
0.008975209264114693
0.13915842677104492
0.044537545468510055
0.17032656409007946
0.11016808311162199
0.08946944871301162
0.03160448173176368
0.0654112869059231
0.04283212364492213
0.01902742211096003
0.11034298446780358
0.03586883140707513
-0.06465856399748672
0.011201780093500405
-0.07107643214902577
-0.008770431948196015
-0.02470351776545021
0.1496465962897862
-0.0607429263125504
-0.023434878892292888
0.1227763948754876
-0.003825710753438059
0.09436672904749463
0.09968739669726533
0.0024611913733711
-0.02427603526379699
0.0792546764303608
0.10526626150464172
-0.012140315986231588
0.11281093031496005
0.005326131234824535
-0.08119434780165573
7.183202794498862E-4
-0.06378498036688676
0.024608755142444413
-0.014150962851702533
-0.09669681469291229
-0.04178992978633449
0.0314290043818429
0.012282769867476616
0.014131322831748441
-0.04012828911544402
0.028570065689794245
-0.039331108308639506
-0.11485610664747473
-0.1262423761784292
-0.07712579015828172
-0.04119960980233416
0.05917939876104056
0.04583345415619229
0.012516464362461852
-0.05175852688070409
0.058418713684998055
0.02752946472502625
0.03726508487912115
-0.010363324210160528
-0.12054866728476962
-0.01459718134001122
-0.22986609988033133
-0.12258471826321475
0.03611962953463495
-0.07622458859033837
-0.09824693215648245
-0.19813597985937048
-0.1696961092287258
-0.052098432051150494
-0.19755435944481012
-5.800977484631695E-4
-0.16752985392173306
-0.17239242611863423
-0.11767769299029562
-0.05715788414655453
0.040817869120509054
-0.031067421831914393
-0.07932722595566631
-0.013429104977830895
0.14798316032140266
-0.03199189413163267
0.049272601343534124
0.001497566162083652
0.06587751959247153
-0.016818290511010765
0.06116078613849305
-0.024312358321651868
-0.024140931649264393
0.03465051268435992
0.033807639231236135
0.016416001066491395
-0.056074121784211194
-0.08860264210503743
-0.1458547479895329
-0.03656390424091711
-0.10783476599784453
-0.009672925869089102
-0.11741666419974825
-0.12903008129435198
-0.07190866476582736
-0.09134342920798089
-0.12268376902401006
-0.10915683416822762
0.005084947427465951
0.12816085694602508
0.11255520089391452
-0.005332359778574694
0.06897315830480312
0.10519725120706837
0.030100656100791236
0.05965950146973121
-0.003998068681616041
-0.05732230970734686
-0.04912995549528087
-0.05149535140189277
-0.09284123335835191
0.02926814766711327
-0.05984443590394658
0.0564345929273382
0.015620090354544971
-0.01181430167911699
-0.05008589064422632
-0.0655630589791118
-0.14435107239999997
-0.02510872282808307
-0.051022637957867205
-0.13867934411758637
0.053545894452344124
-0.07691742071299759
-0.07398633228940359
-0.025056609066581442
-0.09679165388607688
0.034774022185699374
-0.0021860269444717987
-0.021731884470476255
0.04705383189271979
-0.0371205705125008
-0.03534366585069615
-0.055802159261450025
-0.02926429998255454
-0.0343738083230843