0.48316544316040116
-0.05507054656044258
-0.06431301961879649
0.03058293974898464
0.05035377124264297
-0.08577199633938688
0.03729080147195298
0.0482331453618321
0.04784857736021764
-0.023035762054155296
0.03113252694823746
-0.014980703172809879
-0.08230950920504608
-0.029424341667129886
0.042879010703062444
0.035391739374920385
0.036616562097598455
-0.024398714004618023
-0.03781360391024327
0.01607176252991409
-0.008525969771932578
0.05314151705189621
-0.03287438798048002
0.002083977072479177
0.06716216605812587
0.002322486833294595
-0.02839535090592428
-0.02744146118869092
0.03133002665951365
0.02738338447725084
-0.01601798337277823
0.03136926057053514
-0.03286586830231228
0.013062212111618732
0.06083116947271239
-0.020674183558599683
-0.11433444847801348
0.07674070902915442
0.10329651948945692
0.14218261148460437
-0.03242242628922108
-0.03317022531041518
0.03001193581671827
0.028041783285547895
-0.06857286384036748
0.07146603471090046
-0.04103125000000503
-0.052802193227589285
-0.042632753148514585
-0.010931817155855327
0.03620734179824696
-0.07733313417243642
0.00533174665582413
0.041936850216446074
0.06183938922458935
-0.019853262816511303
-0.07518965380911467
-0.02407920717373719
0.026575004371130105
0.05304317622681967
0.03822813528040488
-4.65919904058805E-4
-0.01765605274532277
0.05168471803719403
0.11578805115350384
0.05413099525116529
0.1212820266326326
0.12100648110401638
0.10259769601759006
-0.02921638390159653
0.06738891211540961
0.06975424501949862
0.0686241573403792
0.09860377822369511
0.032256705567375706
0.06709291706078059
0.02911540164017826
0.062534190640521
0.018638507245591903
0.15359346690351902
0.006061517908222553
-0.0372229266984695
-0.05841519920551199
-0.01791181693149709
-0.09086900922757196
0.08059942695258333
0.09610571723370785
8.617830051903896E-5
0.025727833768050563
0.022071998162371643
-0.010732290536808443
0.10211038256236411
0.03869296578391067
0.1504629787679696
0.20127818552973573
0.16066816740569642
0.043164436531522306
0.07972140140963348
0.03363435346657703
0.15583022526695772
0.04537307776625588
0.1630679762454454
0.11880797424702953
0.06666589450417963
0.21766736835592626
0.07206793153758619
0.04728020616564828
0.08845588821873265
0.0747926105210222
0.15957452432805194
0.06353818636029501
0.023836881475240917
-0.09833794272761745
-0.014145358494146505
-0.013764967622122325
0.0185818078918854
0.0091158253940875
0.05986019834943292
-0.03809111367089966
0.11971738874253988
0.08396200751779212
-0.008954112206056538
0.056459928386758604
0.10416530078297825
0.1304877441262436
0.052950406754632175
0.05017861819910504
0.06931333774961256
0.21776093355206547
0.0363765924861222
0.060310953715435676
-0.04507374762372576
0.0032717272998554828
-0.027096236339261632
0.06800730582595671
0.039899819006544025
-0.0339683746395344
0.16323975825658188
0.12755732198493264
0.08948155704614941
0.0030161784470356316
-0.03785544979184468
-0.006928744802068173
-0.01901996101456342
-0.06118139012620918
0.12153760235211576
0.03509093890671526
0.06224292296285596
0.07246057841519497
0.12209280160616674
0.035431637416093544
0.04387086613778938
0.07987332856400423
0.13448873692166205
0.0189759092650941
0.16956249572254006
0.023813166888635863
0.16407601810437486
-0.0028647925388138665
-0.03040200750443928
-0.005997595301059578
0.043210893750564895
-0.029246808073159544
0.1128235209281796
0.07811377684470752
-0.027016369734014868
0.12188835889316864
-0.08496064832054806
0.016418108585272265
0.03611346965850531
-0.07339143112555137
-0.04401664102663028
0.07325908823268225
0.14162803697321508
0.17931727158331473
0.1813662759957138
0.009812958355546913
-0.007417634660431575
0.17004686265460733
0.13092284607412435
0.08462422594173089
0.2143843506208146
-0.00979959313920979
-0.10123416759802048
-0.0022074183189606826
0.014802640274369542
0.06065616511780694
0.04117337806850618
0.04036735668959609
-0.01934405331776176
0.013129779798242687
-0.0075042783385639075
-0.06608267451173037
-0.09427531355856429
0.017917321485983784
-0.04643263529726323
-0.0506615621785048
0.011564174365616929
0.07463919299985508
-0.16255020884159124
0.014350421178645089
0.05593416562632456
0.010575003074268136
0.04732047131798201
0.16069431776904686
0.11379899544958404
0.051550911769520535
0.0943554247678615
0.025004647483881655
-0.09093091264626789
-0.10828591644600155
0.0013559320985200892
-0.004119225891635812
-0.03579287194799072
-0.08679461039067306
-0.07531804980376358
-0.04196775199936138
0.05968694366269863
0.07215146879468376
-0.06119084117929871
-0.05233135647020179
-0.07503811243424212
0.07549304521080472
-0.10738058012172232
0.07502460058663571
-0.03059458759270894
-0.08500985907352587
-0.12681177354768614
0.19863586129749902
-0.02280761118978184
-0.012094681793835996
0.03267112403266683
0.010789849497064106
-0.05864054684042572
0.09007285723412478
-0.06084931078079334
-0.05086241113842176
-0.04443959640024589
-0.13646270332959357
-0.028601874624737636
-0.0738311179281192
-0.10726198486760219
-0.049363404200825474
-0.09807799737402559
-0.1664292794204705
-0.011529287503172565
-0.004333678877289922
-0.027953067751480123
0.0632807955335037
0.012637778108003357
-0.08416044148281597
-0.055028643444458666
-0.0039332118224928245
-0.0438870241951217
-0.0023536842373518053
-0.015160671760833761
-0.06968446073111964
0.008290722831059576
-0.0391059622009579
-0.049009242340306756
-0.15548671007675882
-0.06873375419230085
-0.044923352123780604
0.011548353129068111
0.05943275759797448
-0.093300834523181
-0.05671905298721253
-0.04382810784920708
-0.07864708036836075
-0.14269813654207242
-0.0307986683565966
-0.0026823191381402764
-0.03061511471566548
-0.029847511154963348
-0.005858086923311173
0.10603735280319228
-0.004783641848908117
-0.029198052101193757
-0.07675523972395647
-0.03391310550512955
-0.12004112156457461
0.06100092672132211
-0.1383980164364964
-0.07047611378734982
-0.07674472585911611
-0.08981746747104391
-0.05460154409873145
-0.00641428362265419
-0.1304495481309941
-0.08737924281119733
-0.009204142757790164
0.014053378841160407
-0.042249602511068206
0.08027229972711154
-0.08423586163616696
-0.07069267363739967
-0.11220416475603848
-0.11886043725707976
-0.0237781393649992
0.07323720881356496
0.09538151724763624
0.001254301398637967
-0.06484443254626335
-0.07265376177812254
-0.010375808612594602
-0.056990464138598845
-0.028195464001825047
-0.030918410662144746
-0.08313362018969436
0.04974933538058977
-0.09569866479460269
-0.06871895636870572
-0.10236175595026488
-0.07262159469697967
-0.07628312944150047
-0.08979232615328558
-0.08446487139289327
0.05046859403558042
-0.019190630849649355
-0.06162476099797066
0.010194916876432083
0.12084379597772132
-0.07771179368963749
-0.18068228883270093
-0.11211913000215286
0.10773191257527275
0.05583845360805679
0.02285172375651094
0.06346462258874337
-0.011896034659868488
-0.04771700065661022
-0.07278468345304029
-0.004763294780201204
-0.15038524005315565
-0.07332369259419068
0.06126474295910163
0.058013236655342075
0.03759747487575246
-0.051152999017002605
-0.07020543316045856
-0.12874672732737746
-0.06556965124833773
-0.11574743063264438
-0.032376207887459485
0.07992154429520297
0.016237830594529355
0.026272471184293347
0.04136286156633944
0.039390532597599406
0.07137537672146974
0.008413605035140066
-0.11633265116273754
-0.028915225888074245
0.037705057735573776
0.06400009736228406
0.14346889631321802
0.08066497487011712
0.02160843791232358
-0.013398315778456451
-0.07401708921183946
-0.051998731372268896
-0.0625866522403098
-0.010192766851221962
-0.0024669274111680547
0.016933148388625495
0.047144734093396576
-0.12200332893197924
-0.06433175083111374
-0.11862902997358525
-0.06946700196296375
-0.15687271300133887
-0.07131899132555988
0.13135438104180622
0.080765346480382
0.06868474670328525
0.0815549922116475
0.010050212232314153
0.1416290351992665
0.017911337169474392
0.05588027948757946
0.004015110947776895
0.1002976930919065
0.10776045416688151
0.09621814977540932
0.08894299817297388
0.19225364367869274
0.09213506067791373
-0.014774217272881588
-0.03306613129548167
-0.009281000738573441
-0.12324256654311502
0.13352332518371038
-0.051885560473728255
0.024234371622104067
0.09084728886271529
0.009862001249824824
0.020035794828691837
-0.12714335858561515
-0.16295960549251762
0.015534539652233779
0.08436130191267036
0.04100706377875979
0.1382656246549364
0.18970734332425163
0.10562944121633785
0.08668469630478733
0.14179572716038105
0.018781158119835543
0.005079330974366468
1.2184621928904688E-4
0.05469553002579588
0.037168330435018146
0.03986918980795023
0.1732890717959804
0.014218192290338293
0.028540563665715713
0.06713548491204871
-0.03134456256391432
0.01734967654144629
0.1682653198893788
-0.012574968428572867
-0.07862233898972745
0.033097612837184494
0.1208975525152889
0.03211787918687153
0.013668880069307141
-0.056073358474181496
0.1447998736763094
-0.023022807665599044
0.06311847144468369
0.07882440319253721
0.13632950641397248
0.11544831313030572
0.020155090329248605
0.07079722029629001
0.09259499153511655
0.10898810174942267
0.11827298347942153
0.11878373623960885
0.09192442035188146
0.19945167556836688
0.10936886853108674
0.0017527799726047043
-0.03474312046241465
-0.050522779770349746
-0.015406538436277258
-0.040439882005540134
-0.0164798434246429
0.03761813163493076
-0.008081379973201946
-0.013593349180785634
0.1494158069087748
0.09369728148380856
0.0535237649066607
-0.05238564092345806
0.06217186993321712
0.14448754082231205
0.1478450270214156
0.11777983906876226
0.11908197009925017
0.08297254575857524
0.014432789923544404
0.010882260347863595
0.020564500147599255
0.0909760785056689
0.08169754133529995
0.007893585358406226
0.08544899804885148
0.11779239930740051
0.1050663188334558
0.09758004146117648
0.08936721565672381
-0.039834057030417265
-0.07146666653099129
0.06794773705995616
0.12641224618609154
0.12489911832018558
-0.033062826765001045
-0.03965379470064286
0.03748823696833743
0.028620497862371714
0.0803762208249236
0.01721302424348958
0.014717412655271383
0.04245060298762598
0.0404363169493605
0.031227583296780843
0.013978303162473048
0.13334515746563141
0.025904602014682074
0.0067984514115146865
0.02937303486107648
0.08199986136218769
0.0622185783096319
0.05290890448716144
0.05797048299538205
0.07685729192113287
0.07720800938762792
0.023262606153579748
0.019466383674108266
0.10166042564553783
0.0746054405647248
0.18950736766964432
0.06637683863153429
0.1809657231369335
0.03959621719494027
0.060418042145849775
0.03958947459646424
0.11828462099667851
-0.09896020769594883
-0.07486240064833058
-0.04021413191256026
-0.02759386055771034
0.009625586448617381
0.12150001374991694
0.1299066854571186
0.03636103031886795
0.005458357784617827
0.005453527583728052
-0.02879579927371028
-0.012266311455738284
0.168329180252691
0.11137782520874889
0.08128369026656135
0.033531141107911486
0.09036706062207829
0.17375458235289862
0.08214154706734678
0.020844007457255457
0.07864587294656515
0.21476694928025564
0.019310489319517187
-0.06155803409440046
0.04038375041005923
0.028262623849972072
0.13113298852482794
0.0498335018781101
-0.07508932544579522
-0.11439410902451325
0.009109911374070852
-0.022055925068780294
-0.022348318543303613
0.03984276756796328
0.13113338948192052
0.12685975527620902
0.11135817775879103
-0.09569238398708961
0.014160071303429701
0.16663653376539997
0.07798562596478281
0.1956907772507143
0.08781219396493849
0.1544383779381735
0.13567610198803975
0.10405399760098483
-0.1258886207185362
0.06615180602523207
-0.03507866067797608
0.05695646972971473
0.015529331934680597
0.09968028076273529
-0.018295620898104187
0.007242870806738825
0.14075085390278877
-0.0021419156873964205
0.02560797779926822
0.07192156386478879
0.06883660565375778
0.025370299556042572
-0.04160956781274687
-0.04550712707038468
-0.01068557670675959
-0.03614893359496508
0.012618053032533114
0.018740396772938726
0.0055867034225836575
0.047116795661858765
0.17683380750955024
0.11860659514796093
0.17207171458915585
0.11946477641087276
0.04470651507506559
0.15054282232932006
0.0251519100917429
0.06306025833423468
-0.02862930178796572
0.06985511448589077
0.013818738948614507
-0.07551684561782776
-0.03335924130781546
0.003434724473359976
0.021068181788494716
0.08408386628161185
0.05805439541094603
0.0065191148386260145
-0.061159676739948196
0.04156516087126357
-0.00902728818016373
-0.07193563278128645
-0.06484615970620969
-0.04523481186485825
-0.03611203414155917
-0.0689962538439012
-0.030527901047898126
0.04352731331792358
0.08569905164456447
0.11165015745391062
0.11096619728522322
0.010473611027752999
0.03509707294666499
0.045450686978886684
0.10529701739478867
0.04662258171048401
-0.09094492306023577
0.07538332584349096
0.13069429026646026
-0.021287205775341825
-7.614706734498306E-4
9.450683087482612E-4
0.05476115349722047
0.08400600533651846
0.08232905767658974
0.12268303355755357
0.06431718215859791
0.05795997412497859
0.03127269564493467
-0.08583218205332407
0.02931492216743942
0.008283668486679552
-0.06798013032390772
0.030710423145497347
-0.002959286048401793
0.015735750225224
-0.02264179702534579
0.08655658080793206
0.024821634433353272
0.14392803352303574
0.027812668890442486
0.1278534389473977
0.029281385563173078
0.020900781724254823
0.04176399690822193
0.1406279068452323
-0.009912763996590511
0.1346116563662729
-0.04280623265340815
0.004591307020722652
0.08011320220204382
0.08208942261787547
0.12465601795192374
0.08942664902660764
0.13250111247038007
0.09349476914330335
0.03951145283957875
-0.1255334907055627
-0.009227318805375652
-0.03981372269820031
-0.09012175583928547
-0.006396684103851381
-0.08107915844719557
-0.13400905391295984
-0.08517483312217738
0.09658824698036227
0.02384419114060386
0.03851055757927445
0.11030282969495579
0.06787578504545
0.026204024737261068
0.02566401949921973
-0.10200414341631613
-0.09990358373273102
-0.03327652561575366
-0.005306467193625367
0.022948533530123754
-0.10135617827011514
-0.04189562168197907
-0.034217047163549355
-0.005645360975512224
0.13024032955342016
0.09303614204293306
0.011220116524047447
0.14873656452543066
0.06601545020871795
-0.034903321598240764
0.008480698429655997
0.0688591287771962
0.0013312415487862885
0.11202845667906557
-0.12334528832625898
0.033753075718056
0.017352894844135644
0.10206436353137772
0.026199134200280444
-0.019349021344639245
0.10874642468904182
-0.10547655865978456
-0.062259438478580745
-0.12598812381324453
-0.006486212778697266
0.05535263692253986
0.04916835544974434
0.006125645968523757
0.02551837828852943
-0.052196186324502694
-0.06451067340137688
-0.1208963968933261
-0.1338851740122429
-0.06354050454545082
-0.16671206991849136
-0.1861707773956115
-0.07059433046923033
-0.05533266698323266
-0.1627556749999392
-0.12043364001742111
-0.12130134279721629
-0.12011566257070469
-0.19198234874516207
-0.06394815686310372
-0.0749334208500646
-0.16803348308242602
-0.14741746277149326
-0.06191143694980851
-0.1224836964325779
-0.0911628902622671
0.014535173767284618
-0.01765611059973378
0.052172651991987506
-0.027680726018596932
0.023298872685865314
0.0048734557450459135
-0.014443044903571754
0.014863268915717048
-0.06903353321228105
-0.07961585097775187
-0.028268213518765874
0.062297233893826305
-0.024021664664375553
-0.05539488912997792
-0.15024887235257461
-0.057681020915770216
-0.09507187479089074
-0.11370758881122545
-0.08000837594419807
-0.07495227960228637
-0.10317267482479993
-0.11871374583807337
-0.17093003492496087
-0.12755166865268167
-0.07534167440521926
-0.07373229701880084
-0.09035076306488173
0.03756054003628391
0.005306351993415684
0.019097403423990102
0.0538271672800306
0.01606673358924532
0.12081633984003665
-0.00941548721346905
-0.0073033722281034
-0.1096766199215769
-0.08157345759736787
0.0647556258991808
0.04789517410119705
0.061530060160367224
-0.06102820383850092
-0.10005824720231674
0.02933012828869627
-0.11137271494053046
-0.03590344684237996
-0.05419603987615111
-0.017837706523114293
-0.04595076692241138
0.0012932643152453582
-0.058514059008942035
-0.14463736212289718
-0.027474912296277826
0.05056077699036586
0.020730564961786126
0.0018543890547703115
0.05946479016178456
0.013166147284546815
-0.008005218804685441
0.025228707588027914
-0.049373480469922126
-0.0023595053047520374